1,0.0268
2,0.0249
3,0.0242
4,0.0540
5,0.0258
6,0.0272
7,0.0254
8,0.0282
9,0.0260
10,0.0290
11,0.0272
12,0.0264
13,0.0248
14,0.0281
15,0.0271
16,0.0253
17,0.0289
18,0.0272
19,0.0265
20,0.0227
21,0.0252
22,0.0290
23,0.0289
24,0.0301
25,0.0289
26,0.0270
27,0.0279
28,0.0293
29,0.0239
30,0.0234
31,0.0246
32,0.0282
33,0.0240
34,0.0264
35,0.0288
36,0.0302
37,0.0261
38,0.0268
39,0.0287
40,0.0272
41,0.0287
42,0.0254
43,0.0223
44,0.0300
45,0.0291
46,0.0292
47,0.0268
48,0.0239
49,0.0263
50,0.0373
51,0.0294
52,0.0270
53,0.0252
54,0.0356
55,0.0257
56,0.0416
57,0.0285
58,0.0262
59,0.0319
60,0.0283
61,0.0276
62,0.0290
63,0.0292
64,0.0248
65,0.0548
66,0.0284
67,0.0304
68,0.0255
69,0.0280
70,0.0310
71,0.0315
72,0.0299
73,0.0272
74,0.0266
75,0.0288
76,0.0288
77,0.0287
78,0.0262
79,0.0301
80,0.0298
81,0.0288
82,0.0279
83,0.0267
84,0.0232
85,0.0252
86,0.0298
87,0.0248
88,0.0300
89,0.0230
90,0.0295
91,0.0260
92,0.0262
93,0.0234
94,0.0253
95,0.0281
96,0.0265
97,0.0233
98,0.0245
99,0.0308
100,0.0275
101,0.0292
102,0.0281
103,0.0306
104,0.0251
105,0.0280
106,0.0292
107,0.0268
108,0.0273
109,0.0293
110,0.0306
111,0.0293
112,0.0280
113,0.0247
114,0.0296
115,0.0302
116,0.0283
117,0.0265
118,0.0261
119,0.0306
120,0.0258
121,0.0293
122,0.0268
123,0.0327
124,0.0269
125,0.0253
126,0.0261
127,0.0240
128,0.0273
129,0.0232
130,0.0284
131,0.0307
132,0.0283
133,0.0223
134,0.0266
135,0.0329
136,0.0277
137,0.0261
138,0.0262
139,0.0278
140,0.0273
141,0.0269
142,0.0269
143,0.0273
144,0.0238
145,0.0321
146,0.0284
147,0.0233
148,0.0286
149,0.0274
150,0.0269
151,0.0257
152,0.0229
153,0.0259
154,0.0253
155,0.0287
156,0.0431
157,0.0292
158,0.0245
159,0.0279
160,0.0305
161,0.0284
162,0.0261
163,0.0272
164,0.0275
165,0.0329
166,0.0293
167,0.0291
168,0.0279
169,0.0325
170,0.0298
171,0.0257
172,0.0305
173,0.0275
174,0.0299
175,0.0313
176,0.0278
177,0.0273
178,0.0257
179,0.0265
180,0.0286
181,0.0371
182,0.0252
183,0.0449
184,0.0369
185,0.0240
186,0.0483
187,0.0461
188,0.0262
189,0.0459
190,0.0270
191,0.0261
192,0.0466
193,0.0259
194,0.0286
195,0.0488
196,0.0495
197,0.0266
198,0.0461
199,0.0260
200,0.0503
201,0.0289
202,0.0270
203,0.0704
204,0.0289
205,0.0481
206,0.0445
207,0.0268
208,0.0274
209,0.0307
210,0.0326
211,0.0344
212,0.0284
213,0.0303
214,0.0298
215,0.0261
216,0.0295
217,0.0293
218,0.0224
219,0.0291
220,0.0330
221,0.0279
222,0.0298
223,0.0473
224,0.0431
225,0.0452
226,0.0265
227,0.0293
228,0.0281
229,0.0545
230,0.0512
231,0.0497
232,0.0499
233,0.0406
234,0.0533
235,0.0578
236,0.0526
237,0.0311
238,0.0256
239,0.0269
240,0.0252
241,0.0243
242,0.0273
243,0.0545
244,0.0595
245,0.0452
246,0.0280
247,0.0219
248,0.0281
249,0.0544
250,0.0479
251,0.0271
252,0.0457
253,0.0300
254,0.0273
255,0.0300
256,0.0279
257,0.0270
258,0.0258
259,0.0208
260,0.0269
261,0.0314
262,0.0274
263,0.0337
264,0.0402
265,0.0253
266,0.0280
267,0.0271
268,0.0284
269,0.0257
270,0.0246
271,0.0259
272,0.0297
273,0.0243
274,0.0241
275,0.0275
276,0.0280
277,0.0247
278,0.0432
279,0.0530
280,0.0403
281,0.0401
282,0.0236
283,0.0251
284,0.0286
285,0.0509
286,0.0307
287,0.0499
288,0.0548
289,0.0280
290,0.0281
291,0.0275
292,0.0287
293,0.0294
294,0.0350
295,0.0340
296,0.0259
297,0.0253
298,0.0469
299,0.0227
300,0.0298
301,0.0308
302,0.0336
303,0.0259
304,0.0520
305,0.0480
306,0.0544
307,0.0525
308,0.0340
309,0.0610
310,0.0587
311,0.0515
312,0.0528
313,0.0539
314,0.0511
315,0.0275
316,0.0522
317,0.0258
318,0.0294
319,0.0272
320,0.0299
321,0.0332
322,0.0289
323,0.0325
324,0.0245
325,0.0322
326,0.0366
327,0.0267
328,0.0268
329,0.0251
330,0.0282
331,0.0340
332,0.0292
333,0.0767
334,0.0571
335,0.0548
336,0.0498
337,0.0580
338,0.0233
339,0.0266
340,0.0492
341,0.0466
342,0.0504
343,0.0409
344,0.0512
345,0.0467
346,0.0488
347,0.0465
348,0.0270
349,0.0302
350,0.0437
351,0.0497
352,0.0330
353,0.0288
354,0.0305
355,0.0374
356,0.0326
357,0.0328
358,0.0463
359,0.0530
360,0.0514
361,0.0470
362,0.0456
363,0.0316
364,0.0307
365,0.0282
366,0.0297
367,0.0274
368,0.0249
369,0.0238
370,0.0378
371,0.0257
372,0.0250
373,0.0275
374,0.0296
375,0.0280
376,0.0271
377,0.0298
378,0.0319
379,0.0458
380,0.0537
381,0.0430
382,0.0474
383,0.0478
384,0.0377
385,0.0277
386,0.0260
387,0.0477
388,0.0447
389,0.0275
390,0.0235
391,0.0292
392,0.0258
393,0.0321
394,0.0302
395,0.0312
396,0.0312
397,0.0308
398,0.0261
399,0.0459
400,0.0457
401,0.0283
402,0.0294
403,0.0256
404,0.0283
405,0.0256
406,0.0255
407,0.0468
408,0.0507
409,0.0311
410,0.0274
411,0.0433
412,0.0265
413,0.0301
414,0.0245
415,0.0253
416,0.0245
417,0.0269
418,0.0529
419,0.0473
420,0.0320
421,0.0243
422,0.0260
423,0.0259
424,0.0236
425,0.0250
426,0.0282
427,0.0269
428,0.0258
429,0.0300
430,0.0303
431,0.0485
432,0.0407
433,0.0335
434,0.0308
435,0.0440
436,0.0273
437,0.0285
438,0.0282
439,0.0287
440,0.0241
441,0.0208
442,0.0313
443,0.0270
444,0.0278
445,0.0289
446,0.0264
447,0.0576
448,0.0443
449,0.0577
450,0.0502
451,0.0596
452,0.0633
453,0.0578
454,0.0257
455,0.0300
456,0.0612
457,0.0546
458,0.0264
459,0.0255
460,0.0300
461,0.0251
462,0.0539
463,0.0478
464,0.0623
465,0.0239
466,0.0280
467,0.0268
468,0.0273
469,0.0270
470,0.0401
471,0.0543
472,0.0455
473,0.0348
474,0.0229
475,0.0477
476,0.0811
477,0.0282
478,0.0293
479,0.0511
480,0.0504
481,0.0569
482,0.0515
483,0.0260
484,0.0442
485,0.0522
486,0.0273
487,0.0294
488,0.0440
489,0.0268
490,0.0281
491,0.0345
492,0.0274
493,0.0254
494,0.0479
495,0.0498
496,0.0490
497,0.0353
498,0.0276
499,0.0254
500,0.0487
501,0.0230
502,0.0520
503,0.0423
504,0.0260
505,0.0317
506,0.0266
507,0.0255
508,0.0242
509,0.0268
510,0.0473
511,0.0294
512,0.0291
513,0.0302
514,0.0286
515,0.0269
516,0.0259
517,0.0288
518,0.0328
519,0.0332
520,0.0303
521,0.0395
522,0.0286
523,0.0264
524,0.0297
525,0.0285
526,0.0254
527,0.0312
528,0.0513
529,0.0256
530,0.0226
531,0.0301
532,0.0327
533,0.0258
534,0.0287
535,0.0293
536,0.0465
537,0.0548
538,0.0469
539,0.0268
540,0.0262
541,0.0239
542,0.0284
543,0.0439
544,0.0281
545,0.0273
546,0.0246
547,0.0244
548,0.0274
549,0.0266
550,0.0266
551,0.0268
552,0.0271
553,0.1259
554,0.0244
555,0.0269
556,0.0432
557,0.0240
558,0.0490
559,0.0243
560,0.0278
561,0.0242
562,0.0272
563,0.0266
564,0.0257
565,0.0216
566,0.0510
567,0.0509
568,0.0269
569,0.0273
570,0.0276
571,0.0418
572,0.0301
573,0.0453
574,0.0526
575,0.0216
576,0.0313
577,0.0241
578,0.0365
579,0.0291
580,0.0319
581,0.0304
582,0.0288
583,0.0317
584,0.0328
585,0.0268
586,0.0276
587,0.0238
588,0.0269
589,0.0569
590,0.0276
591,0.0281
592,0.0227
593,0.0225
594,0.0255
595,0.0240
596,0.0235
597,0.0301
598,0.0286
599,0.0343
600,0.0343
601,0.0297
602,0.0248
603,0.0289
604,0.0486
605,0.0260
606,0.0256
607,0.0282
608,0.0287
609,0.0255
610,0.0276
611,0.0267
612,0.0278
613,0.0270
614,0.0298
615,0.0472
616,0.0252
617,0.0569
618,0.0276
619,0.0276
620,0.0302
621,0.0642
622,0.0487
623,0.0259
624,0.0295
625,0.0236
626,0.0270
627,0.0279
628,0.0302
629,0.0321
630,0.0261
631,0.0304
632,0.0411
633,0.0446
634,0.0402
635,0.0533
636,0.0544
637,0.0254
638,0.0310
639,0.0238
640,0.0322
641,0.0300
642,0.0275
643,0.0490
644,0.0262
645,0.0272
646,0.0463
647,0.0542
648,0.0584
649,0.0406
650,0.0643
651,0.0567
652,0.0308
653,0.0287
654,0.0504
655,0.0283
656,0.0275
657,0.0586
658,0.0458
659,0.0285
660,0.0241
661,0.0272
662,0.0303
663,0.0305
664,0.0558
665,0.0419
666,0.0485
667,0.0452
668,0.0429
669,0.0290
670,0.0312
671,0.0462
672,0.0560
673,0.0274
674,0.0265
675,0.0249
676,0.0283
677,0.0270
678,0.0246
679,0.0466
680,0.0260
681,0.0453
682,0.0258
683,0.0283
684,0.0351
685,0.0555
686,0.0507
687,0.0466
688,0.0328
689,0.0296
690,0.0289
691,0.0252
692,0.0495
693,0.0493
694,0.0525
695,0.0539
696,0.0273
697,0.0503
698,0.0337
699,0.0300
700,0.0314
701,0.0279
702,0.0258
703,0.0325
704,0.0275
705,0.0327
706,0.0413
707,0.0400
708,0.0463
709,0.0513
710,0.0552
711,0.0474
712,0.0287
713,0.0547
714,0.0307
715,0.0299
716,0.0534
717,0.0528
718,0.0253
719,0.0256
720,0.0485
721,0.0262
722,0.0266
723,0.0533
724,0.0278
725,0.0262
726,0.0307
727,0.0297
728,0.0300
729,0.0286
730,0.0313
731,0.0250
732,0.0226
733,0.0243
734,0.0270
735,0.0325
736,0.0291
737,0.0300
738,0.0285
739,0.0382
740,0.0278
741,0.0277
742,0.0309
743,0.0296
744,0.0288
745,0.0230
746,0.0261
747,0.0268
748,0.0294
749,0.0399
750,0.0277
751,0.0262
752,0.0484
753,0.0418
754,0.0427
755,0.0524
756,0.0510
757,0.0574
758,0.0237
759,0.0294
760,0.0427
761,0.0461
762,0.0296
763,0.0285
764,0.0266
765,0.0272
766,0.0247
767,0.0266
768,0.0322
769,0.0308
770,0.0341
771,0.0272
772,0.0296
773,0.0284
774,0.0304
775,0.0253
776,0.0279
777,0.0498
778,0.0507
779,0.0535
780,0.0274
781,0.0269
782,0.0259
783,0.0222
784,0.0265
785,0.0251
786,0.0309
787,0.0380
788,0.0325
789,0.0315
790,0.0489
791,0.0469
792,0.0559
793,0.0529
794,0.0501
795,0.0554
796,0.0308
797,0.0272
798,0.0271
799,0.0292
800,0.0281
801,0.0268
802,0.0319
803,0.0340
804,0.0610
805,0.0512
806,0.0527
807,0.0483
808,0.0460
809,0.0547
810,0.0320
811,0.0280
812,0.0242
813,0.0534
814,0.0528
815,0.0581
816,0.0506
817,0.0280
818,0.0284
819,0.0527
820,0.0481
821,0.0286
822,0.0293
823,0.0275
824,0.0315
825,0.0231
826,0.0284
827,0.0267
828,0.0262
829,0.0285
830,0.0387
831,0.0234
832,0.0291
833,0.0340
834,0.0317
835,0.0234
836,0.0258
837,0.0232
838,0.0230
839,0.0333
840,0.0304
841,0.0336
842,0.0301
843,0.0275
844,0.0249
845,0.0287
846,0.0301
847,0.0465
848,0.0456
849,0.0503
850,0.0249
851,0.0461
852,0.0520
853,0.0526
854,0.0481
855,0.0328
856,0.0312
857,0.0274
858,0.0347
859,0.0534
860,0.0525
861,0.0330
862,0.0296
863,0.0326
864,0.0306
865,0.0582
866,0.0281
867,0.0306
868,0.0309
869,0.0309
870,0.0485
871,0.0492
872,0.0486
873,0.0525
874,0.0481
875,0.0536
876,0.0453
877,0.0532
878,0.0578
879,0.0323
880,0.0248
881,0.0295
882,0.0299
883,0.0313
884,0.0282
885,0.0302
886,0.0281
887,0.0463
888,0.0234
889,0.0274
890,0.0471
891,0.0498
892,0.0291
893,0.0262
894,0.0291
895,0.0272
896,0.0286
897,0.0267
898,0.0240
899,0.0315
900,0.0278
901,0.0251
902,0.0292
903,0.0247
904,0.0269
905,0.0515
906,0.0261
907,0.0480
908,0.0240
909,0.0320
910,0.0303
911,0.0326
912,0.0335
913,0.0475
914,0.0492
915,0.0251
916,0.0270
917,0.0273
918,0.0549
919,0.0559
920,0.0480
921,0.0564
922,0.0247
923,0.0307
924,0.0325
925,0.0336
926,0.0572
927,0.0490
928,0.0313
929,0.0541
930,0.0553
931,0.0485
932,0.0235
933,0.0286
934,0.0476
935,0.0313
936,0.0289
937,0.0333
938,0.0295
939,0.0285
940,0.0265
941,0.0216
942,0.0252
943,0.0286
944,0.0249
945,0.0241
946,0.0318
947,0.0317
948,0.0298
949,0.0284
950,0.0263
951,0.0359
952,0.0354
953,0.0306
954,0.0444
955,0.0282
956,0.0291
957,0.0277
958,0.0310
959,0.0314
960,0.0317
961,0.0258
962,0.0304
963,0.0298
964,0.0287
965,0.0473
966,0.0283
967,0.0270
968,0.0252
969,0.0331
970,0.0659
971,0.0268
972,0.0249
973,0.0242
974,0.0540
975,0.0575
976,0.0549
977,0.0247
978,0.0319
979,0.0280
980,0.0384
981,0.0246
982,0.0576
983,0.0256
984,0.0429
985,0.0578
986,0.0349
987,0.0528
988,0.0468
989,0.0479
990,0.0421
991,0.0283
992,0.0292
993,0.0567
994,0.0431
995,0.0429
996,0.0572
997,0.0273
998,0.0543
999,0.0474
1000,0.0468