1,0.0257
2,0.0517
3,0.0446
4,0.0460
5,0.0230
6,0.0322
7,0.0277
8,0.0256
9,0.0336
10,0.0238
11,0.0208
12,0.0281
13,0.0243
14,0.0229
15,0.0302
16,0.0251
17,0.0316
18,0.0231
19,0.0235
20,0.0244
21,0.0238
22,0.0281
23,0.0303
24,0.0351
25,0.0229
26,0.0274
27,0.0262
28,0.0250
29,0.0245
30,0.0254
31,0.0341
32,0.0271
33,0.0255
34,0.0473
35,0.0302
36,0.0371
37,0.0279
38,0.0258
39,0.0331
40,0.0319
41,0.0253
42,0.0231
43,0.0237
44,0.0265
45,0.0262
46,0.0248
47,0.0312
48,0.0312
49,0.0253
50,0.0273
51,0.0356
52,0.0268
53,0.0247
54,0.0259
55,0.0294
56,0.0300
57,0.0298
58,0.0314
59,0.0294
60,0.0269
61,0.0246
62,0.0301
63,0.0312
64,0.0305
65,0.0256
66,0.0290
67,0.0266
68,0.0263
69,0.0258
70,0.0389
71,0.0281
72,0.0303
73,0.0295
74,0.0290
75,0.0304
76,0.0279
77,0.0284
78,0.0267
79,0.0255
80,0.0289
81,0.0301
82,0.0239
83,0.0307
84,0.0264
85,0.0317
86,0.0303
87,0.0266
88,0.0225
89,0.0278
90,0.0319
91,0.0255
92,0.0286
93,0.0255
94,0.0295
95,0.0262
96,0.0249
97,0.0247
98,0.0294
99,0.0287
100,0.0323
101,0.0272
102,0.0338
103,0.0317
104,0.0267
105,0.0280
106,0.0302
107,0.0208
108,0.0269
109,0.0297
110,0.0323
111,0.0292
112,0.0278
113,0.0296
114,0.0269
115,0.0247
116,0.0273
117,0.0241
118,0.0269
119,0.0292
120,0.0288
121,0.0258
122,0.0282
123,0.0290
124,0.0282
125,0.0241
126,0.0327
127,0.0311
128,0.0291
129,0.0279
130,0.0306
131,0.0327
132,0.0306
133,0.0302
134,0.0250
135,0.0293
136,0.0348
137,0.0294
138,0.0258
139,0.0276
140,0.0212
141,0.0249
142,0.0286
143,0.0304
144,0.0333
145,0.0255
146,0.0323
147,0.0289
148,0.0302
149,0.0237
150,0.0283
151,0.0357
152,0.0294
153,0.0308
154,0.0264
155,0.0291
156,0.0283
157,0.0254
158,0.0299
159,0.0328
160,0.0314
161,0.0322
162,0.0395
163,0.0272
164,0.0315
165,0.0273
166,0.0282
167,0.0293
168,0.0319
169,0.0279
170,0.0290
171,0.0233
172,0.0300
173,0.0275
174,0.0307
175,0.0223
176,0.0281
177,0.0342
178,0.0310
179,0.0318
180,0.0282
181,0.0275
182,0.0329
183,0.0323
184,0.0272
185,0.0297
186,0.0299
187,0.0242
188,0.0283
189,0.0327
190,0.0309
191,0.0251
192,0.0249
193,0.0298
194,0.0296
195,0.0268
196,0.0318
197,0.0342
198,0.0338
199,0.0240
200,0.0300
201,0.0255
202,0.0272
203,0.0311
204,0.0253
205,0.0298
206,0.0308
207,0.0309
208,0.0268
209,0.0311
210,0.0332
211,0.0316
212,0.0218
213,0.0308
214,0.0248
215,0.0322
216,0.0275
217,0.0310
218,0.0279
219,0.0265
220,0.0329
221,0.0241
222,0.0263
223,0.0310
224,0.0275
225,0.0294
226,0.0282
227,0.0238
228,0.0257
229,0.0251
230,0.0274
231,0.0253
232,0.0257
233,0.0259
234,0.0301
235,0.0298
236,0.0302
237,0.0291
238,0.0317
239,0.0287
240,0.0242
241,0.0305
242,0.0330
243,0.0302
244,0.0279
245,0.0306
246,0.0300
247,0.0290
248,0.0311
249,0.0318
250,0.0306
251,0.0307
252,0.0293
253,0.0240
254,0.0272
255,0.0313
256,0.0331
257,0.0239
258,0.0290
259,0.0313
260,0.0259
261,0.0300
262,0.0261
263,0.0317
264,0.0279
265,0.0313
266,0.0264
267,0.0323
268,0.0301
269,0.0333
270,0.0294
271,0.0278
272,0.0282
273,0.0323
274,0.0328
275,0.0276
276,0.0299
277,0.0294
278,0.0307
279,0.0300
280,0.0273
281,0.0295
282,0.0282
283,0.0303
284,0.0346
285,0.0291
286,0.0277
287,0.0300
288,0.0353
289,0.0295
290,0.0304
291,0.0311
292,0.0251
293,0.0280
294,0.0272
295,0.0270
296,0.0283
297,0.0239
298,0.0288
299,0.0300
300,0.0314
301,0.0290
302,0.0261
303,0.0225
304,0.0294
305,0.0341
306,0.0251
307,0.0275
308,0.0312
309,0.0261
310,0.0278
311,0.0298
312,0.0311
313,0.0264
314,0.0282
315,0.0268
316,0.0341
317,0.0298
318,0.0279
319,0.0256
320,0.0256
321,0.0301
322,0.0275
323,0.0280
324,0.0284
325,0.0243
326,0.0313
327,0.0350
328,0.0338
329,0.0260
330,0.0330
331,0.0300
332,0.0260
333,0.0323
334,0.0290
335,0.0278
336,0.0241
337,0.0262
338,0.0271
339,0.0243
340,0.0278
341,0.0294
342,0.0300
343,0.0290
344,0.0384
345,0.0281
346,0.0253
347,0.0310
348,0.0286
349,0.0259
350,0.0336
351,0.0315
352,0.0292
353,0.0305
354,0.0292
355,0.0324
356,0.0309
357,0.0259
358,0.0288
359,0.0321
360,0.0274
361,0.0305
362,0.0231
363,0.0255
364,0.0255
365,0.0247
366,0.0289
367,0.0301
368,0.0278
369,0.0344
370,0.0314
371,0.0299
372,0.0253
373,0.0317
374,0.0319
375,0.0305
376,0.0302
377,0.0305
378,0.0296
379,0.0308
380,0.0310
381,0.0281
382,0.0373
383,0.0281
384,0.0240
385,0.0388
386,0.0295
387,0.0301
388,0.0307
389,0.0288
390,0.0300
391,0.0328
392,0.0391
393,0.0302
394,0.0264
395,0.0278
396,0.0296
397,0.0342
398,0.0311
399,0.0299
400,0.0286
401,0.0298
402,0.0261
403,0.0416
404,0.0297
405,0.0358
406,0.0309
407,0.0261
408,0.0286
409,0.0282
410,0.0270
411,0.0301
412,0.0263
413,0.0268
414,0.0311
415,0.0303
416,0.0310
417,0.0300
418,0.0242
419,0.0296
420,0.0322
421,0.0325
422,0.0299
423,0.0300
424,0.0345
425,0.0351
426,0.0300
427,0.0269
428,0.0347
429,0.0315
430,0.0303
431,0.0307
432,0.0316
433,0.0288
434,0.0282
435,0.0300
436,0.0256
437,0.0296
438,0.0291
439,0.0267
440,0.0274
441,0.0275
442,0.0225
443,0.0299
444,0.0273
445,0.0305
446,0.0273
447,0.0301
448,0.0274
449,0.0292
450,0.0230
451,0.0328
452,0.0271
453,0.0341
454,0.0268
455,0.0285
456,0.0244
457,0.0297
458,0.0261
459,0.0253
460,0.0337
461,0.0313
462,0.0297
463,0.0316
464,0.0329
465,0.0265
466,0.0240
467,0.0319
468,0.0257
469,0.0280
470,0.0263
471,0.0265
472,0.0288
473,0.0269
474,0.0290
475,0.0281
476,0.0260
477,0.0320
478,0.0285
479,0.0309
480,0.0299
481,0.0356
482,0.0230
483,0.0270
484,0.0300
485,0.0252
486,0.0258
487,0.0251
488,0.0300
489,0.0279
490,0.0312
491,0.0283
492,0.0281
493,0.0311
494,0.0312
495,0.0330
496,0.0291
497,0.0262
498,0.0295
499,0.0279
500,0.0290
501,0.0319
502,0.0333
503,0.0405
504,0.0275
505,0.0259
506,0.0273
507,0.0306
508,0.0355
509,0.0257
510,0.0305
511,0.0313
512,0.0282
513,0.0293
514,0.0265
515,0.0266
516,0.0287
517,0.0304
518,0.0307
519,0.0326
520,0.0306
521,0.0336
522,0.0323
523,0.0415
524,0.0282
525,0.0276
526,0.0286
527,0.0255
528,0.0250
529,0.0303
530,0.0316
531,0.0287
532,0.0371
533,0.0240
534,0.0232
535,0.0249
536,0.0323
537,0.0333
538,0.0335
539,0.0315
540,0.0328
541,0.0278
542,0.0265
543,0.0263
544,0.0266
545,0.0307
546,0.0246
547,0.0305
548,0.0229
549,0.0273
550,0.0359
551,0.0285
552,0.0251
553,0.0289
554,0.0259
555,0.0279
556,0.0271
557,0.0297
558,0.0305
559,0.0352
560,0.0258
561,0.0313
562,0.0291
563,0.0250
564,0.0284
565,0.0279
566,0.0286
567,0.0249
568,0.0290
569,0.0274
570,0.0276
571,0.0305
572,0.0232
573,0.0295
574,0.0277
575,0.0290
576,0.0261
577,0.0296
578,0.0260
579,0.0261
580,0.0257
581,0.0274
582,0.0285
583,0.0303
584,0.0350
585,0.0345
586,0.0270
587,0.0280
588,0.0290
589,0.0285
590,0.0288
591,0.0292
592,0.0306
593,0.0344
594,0.0320
595,0.0281
596,0.0301
597,0.0310
598,0.0285
599,0.0255
600,0.0293
601,0.0259
602,0.0261
603,0.0306
604,0.0293
605,0.0284
606,0.0249
607,0.0272
608,0.0358
609,0.0273
610,0.0236
611,0.0310
612,0.0342
613,0.0278
614,0.0285
615,0.0303
616,0.0257
617,0.0283
618,0.0251
619,0.0309
620,0.0266
621,0.0277
622,0.0288
623,0.0301
624,0.0258
625,0.0289
626,0.0306
627,0.0222
628,0.0284
629,0.0308
630,0.0277
631,0.0268
632,0.0311
633,0.0258
634,0.0304
635,0.0318
636,0.0248
637,0.0293
638,0.0307
639,0.0273
640,0.0266
641,0.0275
642,0.0343
643,0.0291
644,0.0301
645,0.0265
646,0.0320
647,0.0297
648,0.0245
649,0.0235
650,0.0257
651,0.0319
652,0.0364
653,0.0265
654,0.0252
655,0.0241
656,0.0245
657,0.0269
658,0.0274
659,0.0293
660,0.0259
661,0.0258
662,0.0269
663,0.0263
664,0.0289
665,0.0274
666,0.0386
667,0.0279
668,0.0261
669,0.0285
670,0.0275
671,0.0415
672,0.0259
673,0.0297
674,0.0289
675,0.0288
676,0.0304
677,0.0259
678,0.0352
679,0.0264
680,0.0292
681,0.0276
682,0.0259
683,0.0254
684,0.0295
685,0.0249
686,0.0294
687,0.0290
688,0.0220
689,0.0296
690,0.0286
691,0.0285
692,0.0265
693,0.0314
694,0.0260
695,0.0271
696,0.0257
697,0.0273
698,0.0312
699,0.0365
700,0.0322
701,0.0307
702,0.0307
703,0.0236
704,0.0259
705,0.0281
706,0.0266
707,0.0276
708,0.0348
709,0.0227
710,0.0278
711,0.0359
712,0.0256
713,0.0281
714,0.0301
715,0.0328
716,0.0296
717,0.0273
718,0.0303
719,0.0314
720,0.0298
721,0.0299
722,0.0295
723,0.0317
724,0.0250
725,0.0250
726,0.0290
727,0.0283
728,0.0243
729,0.0329
730,0.0308
731,0.0320
732,0.0264
733,0.0290
734,0.0278
735,0.0320
736,0.0229
737,0.0246
738,0.0270
739,0.0286
740,0.0296
741,0.0298
742,0.0230
743,0.0316
744,0.0259
745,0.0280
746,0.0331
747,0.0366
748,0.0236
749,0.0278
750,0.0287
751,0.0397
752,0.0238
753,0.0267
754,0.0322
755,0.0294
756,0.0290
757,0.0311
758,0.0280
759,0.0302
760,0.0246
761,0.0284
762,0.0275
763,0.0304
764,0.0272
765,0.0258
766,0.0283
767,0.0268
768,0.0301
769,0.0268
770,0.0297
771,0.0319
772,0.0298
773,0.0292
774,0.0315
775,0.0398
776,0.0279
777,0.0274
778,0.0258
779,0.0269
780,0.0243
781,0.0319
782,0.0274
783,0.0441
784,0.0294
785,0.0342
786,0.0290
787,0.0297
788,0.0306
789,0.0280
790,0.0296
791,0.0292
792,0.0317
793,0.0303
794,0.0285
795,0.0261
796,0.0318
797,0.0282
798,0.0308
799,0.0278
800,0.0299
801,0.0262
802,0.0268
803,0.0239
804,0.0260
805,0.0297
806,0.0260
807,0.0276
808,0.0339
809,0.0290
810,0.0296
811,0.0303
812,0.0249
813,0.0261
814,0.0284
815,0.0330
816,0.0273
817,0.0269
818,0.0266
819,0.0311
820,0.0266
821,0.0305
822,0.0294
823,0.0272
824,0.0290
825,0.0350
826,0.0280
827,0.0326
828,0.0242
829,0.0273
830,0.0361
831,0.0385
832,0.0260
833,0.0279
834,0.0280
835,0.0299
836,0.0326
837,0.0260
838,0.0263
839,0.0299
840,0.0287
841,0.0286
842,0.0268
843,0.0237
844,0.0309
845,0.0277
846,0.0300
847,0.0331
848,0.0274
849,0.0293
850,0.0262
851,0.0302
852,0.0292
853,0.0264
854,0.0287
855,0.0260
856,0.0258
857,0.0282
858,0.0297
859,0.0290
860,0.0249
861,0.0282
862,0.0246
863,0.0305
864,0.0262
865,0.0269
866,0.0265
867,0.0335
868,0.0301
869,0.0232
870,0.0304
871,0.0267
872,0.0254
873,0.0275
874,0.0376
875,0.0245
876,0.0310
877,0.0288
878,0.0289
879,0.0322
880,0.0365
881,0.0266
882,0.0311
883,0.0275
884,0.0230
885,0.0248
886,0.0329
887,0.0320
888,0.0281
889,0.0304
890,0.0259
891,0.0296
892,0.0301
893,0.0294
894,0.0280
895,0.0254
896,0.0238
897,0.0313
898,0.0273
899,0.0276
900,0.0345
901,0.0297
902,0.0288
903,0.0288
904,0.0274
905,0.0272
906,0.0308
907,0.0244
908,0.0274
909,0.0322
910,0.0321
911,0.0277
912,0.0274
913,0.0232
914,0.0277
915,0.0247
916,0.0265
917,0.0245
918,0.0266
919,0.0249
920,0.0280
921,0.0282
922,0.0296
923,0.0296
924,0.0289
925,0.0282
926,0.0285
927,0.0264
928,0.0269
929,0.0292
930,0.0242
931,0.0284
932,0.0367
933,0.0259
934,0.0289
935,0.0286
936,0.0258
937,0.0325
938,0.0321
939,0.0292
940,0.0289
941,0.0379
942,0.0281
943,0.0292
944,0.0315
945,0.0300
946,0.0239
947,0.0241
948,0.0263
949,0.0308
950,0.0303
951,0.0267
952,0.0305
953,0.0300
954,0.0245
955,0.0274
956,0.0343
957,0.0278
958,0.0283
959,0.0291
960,0.0249
961,0.0229
962,0.0293
963,0.0297
964,0.0326
965,0.0293
966,0.0293
967,0.0264
968,0.0320
969,0.0281
970,0.0286
971,0.0281
972,0.0303
973,0.0270
974,0.0230
975,0.0259
976,0.0326
977,0.0296
978,0.0259
979,0.0298
980,0.0277
981,0.0250
982,0.0294
983,0.0254
984,0.0275
985,0.0322
986,0.0293
987,0.0256
988,0.0325
989,0.0302
990,0.0290
991,0.0239
992,0.0291
993,0.0522
994,0.0253
995,0.0269
996,0.0258
997,0.0288
998,0.0272
999,0.0264
1000,0.0303