11,0.0317
2,0.0368
3,0.0386
4,0.0454
5,0.0261
6,0.0441
7,0.0418
8,0.0372
9,0.0370
10,0.0371
11,0.0317
12,0.0368
13,0.0386
14,0.0454
15,0.0362
16,0.0367
17,0.0374
18,0.0314
19,0.0340
20,0.0358
21,0.0411
22,0.0396
23,0.0317
24,0.0353
25,0.0322
26,0.0357
27,0.0335
28,0.0339
29,0.0336
30,0.0260
31,0.0293
32,0.0294
33,0.0272
34,0.0284
35,0.0301
36,0.0345
37,0.0291
38,0.0350
39,0.0337
40,0.0290
41,0.0356
42,0.0271
43,0.0331
44,0.0322
45,0.0291
46,0.0257
47,0.0300
48,0.0306
49,0.0295
50,0.0337
51,0.0310
52,0.0294
53,0.0309
54,0.0301
55,0.0345
56,0.0325
57,0.0344
58,0.0325
59,0.0344
60,0.0326
61,0.0324
62,0.0328
63,0.0278
64,0.0311
65,0.0298
66,0.0325
67,0.0323
68,0.0294
69,0.0261
70,0.0250
71,0.0413
72,0.0367
73,0.0278
74,0.0306
75,0.0300
76,0.0267
77,0.0284
78,0.0309
79,0.0309
80,0.0317
81,0.0256
82,0.0381
83,0.0276
84,0.0285
85,0.0265
86,0.0316
87,0.0320
88,0.0301
89,0.0286
90,0.0311
91,0.0283
92,0.0337
93,0.0272
94,0.0283
95,0.0290
96,0.0464
97,0.0314
98,0.0312
99,0.0310
100,0.0263
101,0.0312
102,0.0307
103,0.0330
104,0.0259
105,0.0269
106,0.0266
107,0.0317
108,0.0290
109,0.0299
110,0.0317
111,0.0329
112,0.0247
113,0.0248
114,0.0273
115,0.0228
116,0.0327
117,0.0386
118,0.0249
119,0.0280
120,0.0315
121,0.0294
122,0.0295
123,0.0306
124,0.0248
125,0.0314
126,0.0303
127,0.0295
128,0.0325
129,0.0268
130,0.0317
131,0.0307
132,0.0258
133,0.0252
134,0.0260
135,0.0314
136,0.0292
137,0.0343
138,0.0244
139,0.0346
140,0.0302
141,0.0312
142,0.0324
143,0.0337
144,0.0284
145,0.0283
146,0.0393
147,0.0264
148,0.0269
149,0.0333
150,0.0315
151,0.0296
152,0.0313
153,0.0254
154,0.0239
155,0.0321
156,0.0265
157,0.0265
158,0.0286
159,0.0385
160,0.0286
161,0.0279
162,0.0287
163,0.0293
164,0.0350
165,0.0280
166,0.0326
167,0.0270
168,0.0307
169,0.0313
170,0.0295
171,0.0281
172,0.0296
173,0.0369
174,0.0269
175,0.0273
176,0.0270
177,0.0299
178,0.0309
179,0.0306
180,0.0294
181,0.0306
182,0.0257
183,0.0283
184,0.0322
185,0.0279
186,0.0289
187,0.0276
188,0.0296
189,0.0271
190,0.0292
191,0.0334
192,0.0259
193,0.0278
194,0.0243
195,0.0273
196,0.0229
197,0.0242
198,0.0289
199,0.0256
200,0.0249
201,0.0265
202,0.0242
203,0.0273
204,0.0292
205,0.0299
206,0.0277
207,0.0310
208,0.0273
209,0.0265
210,0.0289
211,0.0301
212,0.0274
213,0.0284
214,0.0287
215,0.0270
216,0.0268
217,0.0259
218,0.0289
219,0.0323
220,0.0315
221,0.0273
222,0.0275
223,0.0259
224,0.0307
225,0.0261
226,0.0264
227,0.0266
228,0.0282
229,0.0268
230,0.0337
231,0.0314
232,0.0266
233,0.0279
234,0.0299
235,0.0280
236,0.0250
237,0.0263
238,0.0282
239,0.0253
240,0.0275
241,0.0251
242,0.0299
243,0.0277
244,0.0285
245,0.0272
246,0.0286
247,0.0282
248,0.0282
249,0.0476
250,0.0506
251,0.0554
252,0.0199
253,0.0258
254,0.0261
255,0.0282
256,0.0338
257,0.0297
258,0.0334
259,0.0317
260,0.0297
261,0.0297
262,0.0316
263,0.0310
264,0.0304
265,0.0296
266,0.0305
267,0.0328
268,0.0357
269,0.0292
270,0.0331
271,0.0280
272,0.0319
273,0.0307
274,0.0272
275,0.0269
276,0.0289
277,0.0261
278,0.0249
279,0.0282
280,0.0332
281,0.0333
282,0.0256
283,0.0364
284,0.0284
285,0.0255
286,0.0304
287,0.0250
288,0.0302
289,0.0317
290,0.0349
291,0.0259
292,0.0277
293,0.0285
294,0.0270
295,0.0262
296,0.0223
297,0.0258
298,0.0300
299,0.0307
300,0.0298
301,0.0258
302,0.0336
303,0.0327
304,0.0275
305,0.0335
306,0.0273
307,0.0313
308,0.0301
309,0.0297
310,0.0297
311,0.0311
312,0.0258
313,0.0309
314,0.0301
315,0.0282
316,0.0291
317,0.0347
318,0.0306
319,0.0317
320,0.0292
321,0.0300
322,0.0294
323,0.0274
324,0.0241
325,0.0297
326,0.0274
327,0.0229
328,0.0316
329,0.0280
330,0.0288
331,0.0405
332,0.0240
333,0.0245
334,0.0418
335,0.0262
336,0.0293
337,0.0259
338,0.0281
339,0.0272
340,0.0261
341,0.0281
342,0.0233
343,0.0273
344,0.0407
345,0.0280
346,0.0311
347,0.0231
348,0.0267
349,0.0268
350,0.0251
351,0.0330
352,0.0280
353,0.0283
354,0.0340
355,0.0352
356,0.0326
357,0.0247
358,0.0430
359,0.0324
360,0.0261
361,0.0367
362,0.0316
363,0.0287
364,0.0282
365,0.0310
366,0.0288
367,0.0245
368,0.0268
369,0.0229
370,0.0298
371,0.0320
372,0.0227
373,0.0305
374,0.0246
375,0.0287
376,0.0276
377,0.0354
378,0.0247
379,0.0336
380,0.0312
381,0.0320
382,0.0291
383,0.0249
384,0.0338
385,0.0267
386,0.0322
387,0.0234
388,0.0275
389,0.0266
390,0.0300
391,0.0308
392,0.0284
393,0.0346
394,0.0283
395,0.0260
396,0.0267
397,0.0301
398,0.0289
399,0.0233
400,0.0321
401,0.0262
402,0.0374
403,0.0307
404,0.0279
405,0.0455
406,0.0313
407,0.0294
408,0.0290
409,0.0350
410,0.0289
411,0.0256
412,0.0304
413,0.0252
414,0.0291
415,0.0291
416,0.0272
417,0.0274
418,0.0279
419,0.0282
420,0.0274
421,0.0289
422,0.0272
423,0.0290
424,0.0274
425,0.0357
426,0.0266
427,0.0285
428,0.0280
429,0.0281
430,0.0303
431,0.0281
432,0.0276
433,0.0243
434,0.0264
435,0.0257
436,0.0265
437,0.0301
438,0.0282
439,0.0253
440,0.0327
441,0.0227
442,0.0299
443,0.0333
444,0.0265
445,0.0310
446,0.0253
447,0.0309
448,0.0269
449,0.0253
450,0.0237
451,0.0284
452,0.0344
453,0.0264
454,0.0297
455,0.0244
456,0.0291
457,0.0304
458,0.0264
459,0.0405
460,0.0281
461,0.0332
462,0.0262
463,0.0284
464,0.0249
465,0.0286
466,0.0294
467,0.0327
468,0.0291
469,0.0253
470,0.0279
471,0.0277
472,0.0292
473,0.0605
474,0.0269
475,0.0294
476,0.0296
477,0.0323
478,0.0237
479,0.0266
480,0.0236
481,0.0247
482,0.0252
483,0.0370
484,0.0334
485,0.0300
486,0.0292
487,0.0252
488,0.0276
489,0.0275
490,0.0273
491,0.0302
492,0.0288
493,0.0290
494,0.0291
495,0.0295
496,0.0315
497,0.0277
498,0.0257
499,0.0284
500,0.0325
501,0.0264
502,0.0307
503,0.0310
504,0.0305
505,0.0293
506,0.0299
507,0.0315
508,0.0294
509,0.0263
510,0.0305
511,0.0317
512,0.0274
513,0.0284
514,0.0268
515,0.0276
516,0.0261
517,0.0351
518,0.0282
519,0.0342
520,0.0263
521,0.0323
522,0.0298
523,0.0274
524,0.0342
525,0.0278
526,0.0263
527,0.0279
528,0.0298
529,0.0211
530,0.0241
531,0.0271
532,0.0295
533,0.0239
534,0.0256
535,0.0266
536,0.0297
537,0.0324
538,0.0274
539,0.0282
540,0.0262
541,0.0257
542,0.0333
543,0.0232
544,0.0240
545,0.0286
546,0.0278
547,0.0286
548,0.0277
549,0.0252
550,0.0253
551,0.0235
552,0.0268
553,0.0264
554,0.0253
555,0.0326
556,0.0318
557,0.0259
558,0.0282
559,0.0262
560,0.0250
561,0.0236
562,0.0299
563,0.0298
564,0.0286
565,0.0250
566,0.0268
567,0.0292
568,0.0278
569,0.0284
570,0.0275
571,0.0294
572,0.0291
573,0.0241
574,0.0248
575,0.0269
576,0.0237
577,0.0309
578,0.0278
579,0.0295
580,0.0284
581,0.0281
582,0.0225
583,0.0207
584,0.0252
585,0.0259
586,0.0238
587,0.0235
588,0.0281
589,0.0267
590,0.0254
591,0.0774
592,0.0265
593,0.0233
594,0.0243
595,0.0261
596,0.0269
597,0.0249
598,0.0248
599,0.0219
600,0.0257
601,0.0262
602,0.0235
603,0.0217
604,0.0203
605,0.0241
606,0.0209
607,0.0310
608,0.0276
609,0.0374
610,0.0209
611,0.0257
612,0.0273
613,0.0242
614,0.0251
615,0.0285
616,0.0300
617,0.0285
618,0.0214
619,0.0383
620,0.0249
621,0.0250
622,0.0192
623,0.0488
624,0.0316
625,0.0473
626,0.0411
627,0.0470
628,0.0612
629,0.0570
630,0.0657
631,0.0502
632,0.0453
633,0.0510
634,0.0547
635,0.0783
636,0.0780
637,0.0650
638,0.0599
639,0.0591
640,0.0673
641,0.0706
642,0.0246
643,0.0298
644,0.0297
645,0.0370
646,0.0485
647,0.0526
648,0.0269
649,0.0259
650,0.0664
651,0.0517
652,0.0600
653,0.0555
654,0.0308
655,0.0528
656,0.0303
657,0.0644
658,0.0547
659,0.0266
660,0.0645
661,0.0443
662,0.0653
663,0.0754
664,0.0713
665,0.0740
666,0.0273
667,0.0278
668,0.0288
669,0.0249
670,0.0629
671,0.0482
672,0.0746
673,0.0748
674,0.0320
675,0.0519
676,0.0333
677,0.0268
678,0.0336
679,0.0286
680,0.0591
681,0.0477
682,0.0539
683,0.0473
684,0.0506
685,0.0682
686,0.0685
687,0.0279
688,0.1366
689,0.0524
690,0.0522
691,0.0480
692,0.0818
693,0.0429
694,0.0292
695,0.0608
696,0.0623
697,0.0509
698,0.0705
699,0.0277
700,0.0397
701,0.0505
702,0.0553
703,0.0492
704,0.0757
705,0.0563
706,0.0283
707,0.0398
708,0.0237
709,0.0287
710,0.0346
711,0.0294
712,0.0349
713,0.0287
714,0.0513
715,0.0690
716,0.0705
717,0.0693
718,0.0558
719,0.0282
720,0.0698
721,0.0938
722,0.0237
723,0.0304
724,0.0362
725,0.0648
726,0.0696
727,0.0425
728,0.1049
729,0.1210
730,0.1324
731,0.0762
732,0.1162
733,0.0956
734,0.1185
735,0.0776
736,0.1249
737,0.1167
738,0.0963
739,0.1171
740,0.1001
741,0.1037
742,0.0824
743,0.1214
744,0.0834
745,0.0776
746,0.0950
747,0.1271
748,0.1269
749,0.1241
750,0.1140
751,0.1084
752,0.0978
753,0.0821
754,0.0759
755,0.1049
756,0.0811
757,0.1325
758,0.1088
759,0.0846
760,0.1037
761,0.0819
762,0.0841
763,0.1074
764,0.0812
765,0.0819
766,0.1220
767,0.1151
768,0.0925
769,0.1378
770,0.1227
771,0.1124
772,0.0904
773,0.1061
774,0.1326
775,0.1266
776,0.0768
777,0.0805
778,0.0732
779,0.0749
780,0.0783
781,0.0751
782,0.0783
783,0.0823
784,0.1090
785,0.0743
786,0.0778
787,0.0825
788,0.0807
789,0.1199
790,0.0989
791,0.1058
792,0.1188
793,0.1250
794,0.0778
795,0.0765
796,0.0866
797,0.1052
798,0.0795
799,0.0772
800,0.0771
801,0.1055
802,0.1034
803,0.1053
804,0.1180
805,0.1003
806,0.1096
807,0.1047
808,0.1040
809,0.1107
810,0.1026
811,0.1091
812,0.1253
813,0.1005
814,0.1155
815,0.1142
816,0.0983
817,0.0824
818,0.1264
819,0.1154
820,0.0983
821,0.0772
822,0.0791
823,0.1296
824,0.0759
825,0.1079
826,0.0752
827,0.0775
828,0.0808
829,0.1013
830,0.0816
831,0.0892
832,0.0771
833,0.1378
834,0.1209
835,0.1137
836,0.1094
837,0.1108
838,0.1171
839,0.1020
840,0.1099
841,0.0777
842,0.0782
843,0.0774
844,0.0869
845,0.1074
846,0.0714
847,0.0716
848,0.0973
849,0.0753
850,0.0786
851,0.1089
852,0.1171
853,0.1118
854,0.0961
855,0.1081
856,0.1052
857,0.1262
858,0.1116
859,0.1076
860,0.0822
861,0.0782
862,0.1269
863,0.0911
864,0.0798
865,0.0906
866,0.1040
867,0.1040
868,0.1172
869,0.0869
870,0.1185
871,0.0811
872,0.1170
873,0.1054
874,0.1222
875,0.1176
876,0.0760
877,0.0814
878,0.1038
879,0.0944
880,0.0791
881,0.0985
882,0.1307
883,0.0953
884,0.0789
885,0.0774
886,0.1160
887,0.1464
888,0.1315
889,0.1280
890,0.1131
891,0.1253
892,0.1444
893,0.1040
894,0.1104
895,0.1022
896,0.0829
897,0.0797
898,0.0842
899,0.0777
900,0.1380
901,0.0976
902,0.0790
903,0.1363
904,0.1181
905,0.1342
906,0.1457
907,0.0990
908,0.0983
909,0.1097
910,0.0981
911,0.1349
912,0.1002
913,0.1269
914,0.1281
915,0.0756
916,0.1533
917,0.0823
918,0.1035
919,0.1514
920,0.1317
921,0.0990
922,0.1225
923,0.0949
924,0.0780
925,0.1219
926,0.1256
927,0.1002
928,0.0834
929,0.0815
930,0.0807
931,0.0829
932,0.1238
933,0.1039
934,0.1372
935,0.0957
936,0.1375
937,0.1156
938,0.1032
939,0.0754
940,0.0894
941,0.0849
942,0.1206
943,0.1197
944,0.1163
945,0.0959
946,0.1413
947,0.0787
948,0.1325
949,0.1267
950,0.0957
951,0.1060
952,0.1285
953,0.1255
954,0.1253
955,0.1005
956,0.1053
957,0.0737
958,0.0781
959,0.1228
960,0.1097
961,0.1520
962,0.0963
963,0.1206
964,0.1280
965,0.1228
966,0.1531
967,0.1225
968,0.1033
969,0.1367
970,0.0790
971,0.0797
972,0.1280
973,0.1184
974,0.0998
975,0.0803
976,0.0782
977,0.0843
978,0.0781
979,0.1025
980,0.1194
981,0.1397
982,0.1042
983,0.0776
984,0.1273
985,0.0798
986,0.1158
987,0.1370
988,0.1671
989,0.1075
990,0.0983
991,0.1169
992,0.1119
993,0.1552
994,0.1527
995,0.1389
996,0.1631
997,0.1553
998,0.1431
999,0.1582
1000,0.1418
