1,0.0261
2,0.0278
3,0.0267
4,0.0795
5,0.0538
6,0.0877
7,0.0504
8,0.0970
9,0.0769
10,0.0298
11,0.0261
12,0.0278
13,0.0267
14,0.0264
15,0.0254
16,0.0309
17,0.0362
18,0.0317
19,0.0940
20,0.0631
21,0.0969
22,0.0789
23,0.0561
24,0.0657
25,0.0584
26,0.0768
27,0.0565
28,0.0616
29,0.0546
30,0.0816
31,0.0301
32,0.0310
33,0.0252
34,0.0334
35,0.0248
36,0.0336
37,0.0317
38,0.0297
39,0.0301
40,0.0292
41,0.0517
42,0.1046
43,0.0462
44,0.0845
45,0.0745
46,0.0857
47,0.0565
48,0.0410
49,0.0532
50,0.0993
51,0.0256
52,0.0943
53,0.0644
54,0.0317
55,0.0479
56,0.0660
57,0.0743
58,0.0503
59,0.0323
60,0.0268
61,0.1009
62,0.0490
63,0.0456
64,0.0823
65,0.0618
66,0.0582
67,0.0887
68,0.0443
69,0.0695
70,0.0640
71,0.0309
72,0.0313
73,0.0675
74,0.0666
75,0.0297
76,0.0287
77,0.0437
78,0.0299
79,0.0555
80,0.0995
81,0.0839
82,0.0836
83,0.0913
84,0.0298
85,0.0315
86,0.0794
87,0.0309
88,0.0587
89,0.1015
90,0.0494
91,0.0309
92,0.0777
93,0.0495
94,0.0519
95,0.0857
96,0.0877
97,0.0740
98,0.0518
99,0.0483
100,0.0685
101,0.0858
102,0.0489
103,0.0487
104,0.0288
105,0.0594
106,0.0773
107,0.0605
108,0.0315
109,0.0931
110,0.0839
111,0.0755
112,0.0531
113,0.0303
114,0.0499
115,0.0506
116,0.0268
117,0.0526
118,0.0522
119,0.0353
120,0.0318
121,0.0319
122,0.0393
123,0.0313
124,0.0366
125,0.1082
126,0.0740
127,0.0321
128,0.0867
129,0.0928
130,0.0285
131,0.0848
132,0.0321
133,0.0992
134,0.0832
135,0.0788
136,0.0591
137,0.0359
138,0.0733
139,0.0793
140,0.0520
141,0.0756
142,0.0445
143,0.0594
144,0.0761
145,0.0335
146,0.0599
147,0.0486
148,0.0350
149,0.0739
150,0.0921
151,0.0602
152,0.0528
153,0.0577
154,0.0299
155,0.0281
156,0.0587
157,0.0499
158,0.0767
159,0.0509
160,0.0621
161,0.0547
162,0.0250
163,0.0708
164,0.0986
165,0.0823
166,0.0330
167,0.0274
168,0.0779
169,0.0299
170,0.0456
171,0.1012
172,0.0660
173,0.0974
174,0.0829
175,0.0769
176,0.0624
177,0.0775
178,0.0791
179,0.0998
180,0.0275
181,0.0992
182,0.0295
183,0.0529
184,0.0779
185,0.0774
186,0.0599
187,0.0539
188,0.0791
189,0.0252
190,0.0331
191,0.0559
192,0.0344
193,0.0678
194,0.1080
195,0.0280
196,0.0722
197,0.0835
198,0.0714
199,0.0664
200,0.0623
201,0.0979
202,0.0885
203,0.0599
204,0.0946
205,0.0407
206,0.0542
207,0.0559
208,0.0983
209,0.0339
210,0.0593
211,0.0561
212,0.0324
213,0.0329
214,0.0436
215,0.0887
216,0.0554
217,0.0278
218,0.0959
219,0.0702
220,0.0280
221,0.0283
222,0.0260
223,0.0322
224,0.0339
225,0.0761
226,0.0578
227,0.0542
228,0.0339
229,0.0601
230,0.0313
231,0.0590
232,0.0270
233,0.0598
234,0.0781
235,0.0678
236,0.0640
237,0.0653
238,0.0755
239,0.0946
240,0.1132
241,0.1069
242,0.0747
243,0.1100
244,0.0710
245,0.0812
246,0.0554
247,0.0887
248,0.0808
249,0.0539
250,0.0422
251,0.0798
252,0.0802
253,0.0629
254,0.0782
255,0.0937
256,0.0315
257,0.0309
258,0.0571
259,0.0649
260,0.0362
261,0.0652
262,0.0876
263,0.0579
264,0.0897
265,0.0725
266,0.0326
267,0.0255
268,0.0271
269,0.0598
270,0.0884
271,0.0576
272,0.0774
273,0.0556
274,0.0668
275,0.0638
276,0.0271
277,0.0516
278,0.0261
279,0.0374
280,0.0735
281,0.0288
282,0.0272
283,0.0556
284,0.0692
285,0.0487
286,0.0703
287,0.0535
288,0.0313
289,0.0312
290,0.0326
291,0.0324
292,0.0354
293,0.0632
294,0.0861
295,0.0755
296,0.0743
297,0.0760
298,0.0733
299,0.0957
300,0.0328
301,0.0298
302,0.0273
303,0.0307
304,0.0556
305,0.0975
306,0.0793
307,0.0584
308,0.0947
309,0.0296
310,0.0292
311,0.0502
312,0.0501
313,0.0438
314,0.0679
315,0.0472
316,0.0852
317,0.0475
318,0.0307
319,0.0253
320,0.0903
321,0.0512
322,0.1095
323,0.0608
324,0.0358
325,0.0340
326,0.0876
327,0.0723
328,0.0950
329,0.0955
330,0.0693
331,0.0486
332,0.0671
333,0.0934
334,0.0718
335,0.0792
336,0.0932
337,0.0440
338,0.0546
339,0.0935
340,0.0927
341,0.0490
342,0.0754
343,0.0281
344,0.0302
345,0.0558
346,0.0348
347,0.0517
348,0.0525
349,0.0327
350,0.0327
351,0.0864
352,0.0323
353,0.0538
354,0.0283
355,0.0272
356,0.0470
357,0.0585
358,0.0353
359,0.0605
360,0.0999
361,0.0961
362,0.0290
363,0.0333
364,0.0887
365,0.0786
366,0.0776
367,0.0251
368,0.0345
369,0.0340
370,0.0353
371,0.0314
372,0.0553
373,0.0979
374,0.0318
375,0.0412
376,0.0676
377,0.0900
378,0.0968
379,0.0635
380,0.0655
381,0.0478
382,0.0426
383,0.0833
384,0.0946
385,0.0477
386,0.0248
387,0.0455
388,0.0926
389,0.1012
390,0.0285
391,0.0956
392,0.1045
393,0.0832
394,0.0654
395,0.0334
396,0.0609
397,0.0763
398,0.0727
399,0.0978
400,0.0591
401,0.0339
402,0.0479
403,0.0292
404,0.0237
405,0.0340
406,0.0379
407,0.0932
408,0.0874
409,0.0649
410,0.0800
411,0.0531
412,0.0526
413,0.0795
414,0.0838
415,0.0957
416,0.0621
417,0.0740
418,0.0444
419,0.0368
420,0.0371
421,0.0639
422,0.0502
423,0.0566
424,0.0346
425,0.0356
426,0.0322
427,0.0565
428,0.0854
429,0.0373
430,0.0498
431,0.0698
432,0.0644
433,0.0579
434,0.0544
435,0.0321
436,0.0922
437,0.0622
438,0.0708
439,0.0433
440,0.0929
441,0.1094
442,0.0835
443,0.0714
444,0.0861
445,0.1018
446,0.0843
447,0.0284
448,0.0594
449,0.0703
450,0.0496
451,0.0740
452,0.0771
453,0.0956
454,0.0655
455,0.0800
456,0.0985
457,0.0699
458,0.0708
459,0.0750
460,0.0524
461,0.0648
462,0.0959
463,0.0283
464,0.0285
465,0.0818
466,0.0532
467,0.0650
468,0.0503
469,0.0583
470,0.0509
471,0.0314
472,0.0791
473,0.0876
474,0.0717
475,0.0533
476,0.0914
477,0.0587
478,0.0615
479,0.0673
480,0.0583
481,0.0365
482,0.0516
483,0.0712
484,0.0399
485,0.0791
486,0.0579
487,0.0385
488,0.0300
489,0.0310
490,0.0387
491,0.0517
492,0.0835
493,0.1021
494,0.0363
495,0.0269
496,0.0925
497,0.0807
498,0.0348
499,0.0660
500,0.0697
501,0.0404
502,0.0683
503,0.0471
504,0.0863
505,0.0727
506,0.0534
507,0.0539
508,0.0478
509,0.1032
510,0.0432
511,0.0899
512,0.0279
513,0.1006
514,0.0460
515,0.0549
516,0.0759
517,0.0784
518,0.0572
519,0.0825
520,0.0741
521,0.0636
522,0.0712
523,0.0377
524,0.0383
525,0.0389
526,0.0473
527,0.0333
528,0.0319
529,0.0485
530,0.0332
531,0.0326
532,0.0338
533,0.0439
534,0.0369
535,0.0410
536,0.0419
537,0.0468
538,0.0377
539,0.0483
540,0.0407
541,0.0402
542,0.0463
543,0.0558
544,0.0445
545,0.0452
546,0.0514
547,0.0439
548,0.0295
549,0.0445
550,0.0321
551,0.0326
552,0.0289
553,0.0282
554,0.0341
555,0.0269
556,0.0586
557,0.0285
558,0.0319
559,0.0236
560,0.0295
561,0.0262
562,0.0286
563,0.0299
564,0.0256
565,0.0253
566,0.0513
567,0.0322
568,0.0449
569,0.0407
570,0.0496
571,0.0509
572,0.0517
573,0.0639
574,0.0445
575,0.0277
576,0.0301
577,0.0334
578,0.0326
579,0.0410
580,0.0496
581,0.0494
582,0.0462
583,0.0524
584,0.0525
585,0.0537
586,0.0469
587,0.0463
588,0.0240
589,0.0278
590,0.0337
591,0.0258
592,0.0256
593,0.0328
594,0.0535
595,0.0250
596,0.0429
597,0.0510
598,0.0610
599,0.0479
600,0.0445
601,0.0426
602,0.0564
603,0.0469
604,0.0236
605,0.0289
606,0.0289
607,0.0241
608,0.0576
609,0.0283
610,0.0266
611,0.0252
612,0.0279
613,0.0517
614,0.0349
615,0.0278
616,0.0280
617,0.0471
618,0.0291
619,0.0410
620,0.0481
621,0.0456
622,0.0521
623,0.0595
624,0.0512
625,0.0280
626,0.0343
627,0.0483
628,0.0607
629,0.0509
630,0.0266
631,0.0236
632,0.0280
633,0.0295
634,0.0584
635,0.0491
636,0.0541
637,0.0432
638,0.0298
639,0.0271
640,0.0600
641,0.0446
642,0.0283
643,0.0251
644,0.0258
645,0.0402
646,0.0580
647,0.0216
648,0.0286
649,0.0293
650,0.0268
651,0.0281
652,0.0270
653,0.0236
654,0.0531
655,0.0468
656,0.0453
657,0.0478
658,0.0609
659,0.0451
660,0.0262
661,0.0272
662,0.0570
663,0.0428
664,0.0506
665,0.0292
666,0.0559
667,0.0523
668,0.0541
669,0.0325
670,0.0508
671,0.0245
672,0.0242
673,0.0278
674,0.0398
675,0.0267
676,0.0277
677,0.0275
678,0.0532
679,0.0538
680,0.0583
681,0.0475
682,0.0564
683,0.0503
684,0.0265
685,0.0264
686,0.0282
687,0.0353
688,0.0341
689,0.0292
690,0.0301
691,0.0439
692,0.0581
693,0.0432
694,0.0496
695,0.0555
696,0.0479
697,0.0451
698,0.0510
699,0.0512
700,0.0484
701,0.0593
702,0.0617
703,0.0259
704,0.0246
705,0.0251
706,0.0263
707,0.0267
708,0.0277
709,0.0384
710,0.0252
711,0.0538
712,0.0302
713,0.0260
714,0.0278
715,0.0450
716,0.0584
717,0.0590
718,0.0283
719,0.0283
720,0.0253
721,0.0245
722,0.0641
723,0.0260
724,0.0368
725,0.0338
726,0.0531
727,0.0327
728,0.0277
729,0.0322
730,0.0281
731,0.0333
732,0.0267
733,0.0317
734,0.0245
735,0.0290
736,0.0581
737,0.0513
738,0.0445
739,0.0474
740,0.0573
741,0.0560
742,0.0482
743,0.0274
744,0.0417
745,0.0489
746,0.0534
747,0.0326
748,0.0535
749,0.0316
750,0.0284
751,0.0491
752,0.0560
753,0.0561
754,0.0541
755,0.0615
756,0.0576
757,0.0470
758,0.0498
759,0.0498
760,0.0293
761,0.0294
762,0.0256
763,0.0279
764,0.0278
765,0.0263
766,0.0323
767,0.0324
768,0.0292
769,0.0270
770,0.0592
771,0.0255
772,0.0280
773,0.0263
774,0.0269
775,0.0418
776,0.0518
777,0.0488
778,0.0520
779,0.0334
780,0.0251
781,0.0288
782,0.0550
783,0.0275
784,0.0308
785,0.0336
786,0.0245
787,0.0264
788,0.0321
789,0.0431
790,0.1385
791,0.0442
792,0.0262
793,0.0272
794,0.0521
795,0.0413
796,0.0299
797,0.0307
798,0.0294
799,0.0512
800,0.0589
801,0.0873
802,0.0465
803,0.0735
804,0.0665
805,0.0985
806,0.0602
807,0.0662
808,0.0555
809,0.0525
810,0.0858
811,0.0658
812,0.0849
813,0.0299
814,0.0619
815,0.0316
816,0.0308
817,0.0287
818,0.0360
819,0.0317
820,0.0764
821,0.0840
822,0.0528
823,0.0928
824,0.0573
825,0.0282
826,0.0903
827,0.0699
828,0.0513
829,0.0597
830,0.0823
831,0.0551
832,0.0592
833,0.0771
834,0.1014
835,0.0876
836,0.0583
837,0.0332
838,0.0597
839,0.0399
840,0.0969
841,0.0715
842,0.0860
843,0.1018
844,0.0676
845,0.0608
846,0.0523
847,0.0467
848,0.1035
849,0.0787
850,0.0346
851,0.0283
852,0.0967
853,0.0261
854,0.0336
855,0.0535
856,0.0750
857,0.0302
858,0.0589
859,0.0311
860,0.0569
861,0.1120
862,0.0552
863,0.0801
864,0.0572
865,0.0295
866,0.0292
867,0.0279
868,0.0268
869,0.0318
870,0.0358
871,0.0324
872,0.0387
873,0.0237
874,0.0372
875,0.0887
876,0.0805
877,0.0980
878,0.0586
879,0.0818
880,0.0828
881,0.0418
882,0.0391
883,0.0607
884,0.0742
885,0.0375
886,0.0609
887,0.0715
888,0.0457
889,0.0459
890,0.0585
891,0.0528
892,0.0655
893,0.0731
894,0.0842
895,0.0607
896,0.0663
897,0.0909
898,0.0721
899,0.0354
900,0.0678
901,0.0402
902,0.0375
903,0.0747
904,0.0788
905,0.0566
906,0.0273
907,0.0408
908,0.0380
909,0.0500
910,0.0288
911,0.0247
912,0.0234
913,0.1125
914,0.0504
915,0.0450
916,0.0535
917,0.0644
918,0.0676
919,0.0625
920,0.0661
921,0.0649
922,0.0563
923,0.0607
924,0.0220
925,0.0782
926,0.0548
927,0.0577
928,0.0254
929,0.0245
930,0.0234
931,0.0238
932,0.0442
933,0.0522
934,0.0276
935,0.0424
936,0.0589
937,0.0669
938,0.0274
939,0.0662
940,0.0980
941,0.0276
942,0.0388
943,0.0697
944,0.0667
945,0.0576
946,0.0653
947,0.0218
948,0.0563
949,0.0707
950,0.0471
951,0.0424
952,0.0664
953,0.0501
954,0.0205
955,0.0219
956,0.0261
957,0.0556
958,0.0445
959,0.0469
960,0.0210
961,0.0271
962,0.0629
963,0.0486
964,0.0195
965,0.0237
966,0.0510
967,0.0443
968,0.0232
969,0.0251
970,0.0261
971,0.0373
972,0.0988
973,0.0617
974,0.0230
975,0.0669
976,0.0264
977,0.0230
978,0.0523
979,0.0402
980,0.0473
981,0.0700
982,0.0581
983,0.0805
984,0.0576
985,0.0653
986,0.0285
987,0.0288
988,0.0748
989,0.0479
990,0.0322
991,0.0449
992,0.0449
993,0.0677
994,0.0454
995,0.0507
996,0.0415
997,0.0746
998,0.0462
999,0.0234
1000,0.0303