1,0.0299
2,0.0292
3,0.0462
4,0.0296
5,0.0301
6,0.0388
7,0.0349
8,0.0389
9,0.0401
10,0.0385
11,0.0279
12,0.0341
13,0.0316
14,0.0365
15,0.0334
16,0.0336
17,0.0282
18,0.0301
19,0.0301
20,0.0337
21,0.0350
22,0.0350
23,0.0315
24,0.0366
25,0.0327
26,0.0319
27,0.0331
28,0.0306
29,0.0352
30,0.0262
31,0.0299
32,0.0292
33,0.0462
34,0.0296
35,0.0301
36,0.0318
37,0.0329
38,0.0284
39,0.0288
40,0.0296
41,0.0283
42,0.0290
43,0.0327
44,0.0247
45,0.0299
46,0.0294
47,0.0303
48,0.0274
49,0.0320
50,0.0343
51,0.0336
52,0.0327
53,0.0315
54,0.0306
55,0.0363
56,0.0318
57,0.0313
58,0.0370
59,0.0321
60,0.0359
61,0.0340
62,0.0273
63,0.0302
64,0.0347
65,0.0299
66,0.0338
67,0.0293
68,0.0320
69,0.0231
70,0.0344
71,0.0308
72,0.0294
73,0.0273
74,0.0382
75,0.0271
76,0.0317
77,0.0458
78,0.0273
79,0.0316
80,0.0312
81,0.0313
82,0.0306
83,0.0369
84,0.0301
85,0.0290
86,0.0301
87,0.0284
88,0.0283
89,0.0337
90,0.0246
91,0.0380
92,0.0282
93,0.0298
94,0.0254
95,0.0248
96,0.0348
97,0.0336
98,0.0378
99,0.0278
100,0.0244
101,0.0341
102,0.0272
103,0.0280
104,0.0353
105,0.0260
106,0.0324
107,0.0322
108,0.0334
109,0.0311
110,0.0276
111,0.0316
112,0.0301
113,0.0271
114,0.0292
115,0.0264
116,0.0321
117,0.0341
118,0.0263
119,0.0317
120,0.0257
121,0.0310
122,0.0413
123,0.0277
124,0.0323
125,0.0301
126,0.0353
127,0.0300
128,0.0285
129,0.0245
130,0.0297
131,0.0335
132,0.0318
133,0.0290
134,0.0256
135,0.0355
136,0.0265
137,0.0284
138,0.0269
139,0.0314
140,0.0270
141,0.0290
142,0.0280
143,0.0294
144,0.0322
145,0.0298
146,0.0315
147,0.0286
148,0.0283
149,0.0275
150,0.0250
151,0.0265
152,0.0263
153,0.0244
154,0.0318
155,0.0284
156,0.0312
157,0.0337
158,0.0333
159,0.0328
160,0.0296
161,0.0332
162,0.0304
163,0.0285
164,0.0282
165,0.0263
166,0.0359
167,0.0334
168,0.0255
169,0.0296
170,0.0303
171,0.0343
172,0.0240
173,0.0276
174,0.0233
175,0.0344
176,0.0314
177,0.0308
178,0.0298
179,0.0258
180,0.0263
181,0.0309
182,0.0275
183,0.0315
184,0.0261
185,0.0320
186,0.0342
187,0.0289
188,0.0303
189,0.0303
190,0.0309
191,0.0291
192,0.0289
193,0.0351
194,0.0247
195,0.0269
196,0.0316
197,0.0285
198,0.0277
199,0.0245
200,0.0316
201,0.0261
202,0.0318
203,0.0283
204,0.0285
205,0.0333
206,0.0293
207,0.0321
208,0.0333
209,0.0284
210,0.0351
211,0.0304
212,0.0285
213,0.0360
214,0.0309
215,0.0361
216,0.0349
217,0.0315
218,0.0301
219,0.0268
220,0.0361
221,0.0377
222,0.0328
223,0.0326
224,0.0359
225,0.0329
226,0.0401
227,0.0340
228,0.0269
229,0.0263
230,0.0271
231,0.0261
232,0.0273
233,0.0279
234,0.0322
235,0.0296
236,0.0250
237,0.0251
238,0.0295
239,0.0291
240,0.0308
241,0.0233
242,0.0293
243,0.0331
244,0.0286
245,0.0295
246,0.0277
247,0.0240
248,0.0289
249,0.0284
250,0.0242
251,0.0272
252,0.0312
253,0.0227
254,0.0236
255,0.0280
256,0.0362
257,0.0301
258,0.0310
259,0.0366
260,0.0282
261,0.0366
262,0.0291
263,0.0264
264,0.0268
265,0.0247
266,0.0280
267,0.0273
268,0.0322
269,0.0276
270,0.0251
271,0.0301
272,0.0299
273,0.0295
274,0.0251
275,0.0341
276,0.0255
277,0.0250
278,0.0250
279,0.0266
280,0.0274
281,0.0433
282,0.0286
283,0.0249
284,0.0227
285,0.0260
286,0.0361
287,0.0294
288,0.0273
289,0.0296
290,0.0254
291,0.0224
292,0.0220
293,0.0312
294,0.0280
295,0.0297
296,0.0301
297,0.0269
298,0.0342
299,0.0354
300,0.0271
301,0.0216
302,0.0313
303,0.0285
304,0.0307
305,0.0381
306,0.0251
307,0.0228
308,0.0285
309,0.0279
310,0.0317
311,0.0272
312,0.0373
313,0.0262
314,0.0274
315,0.0311
316,0.0266
317,0.0246
318,0.0259
319,0.0283
320,0.0261
321,0.0275
322,0.0355
323,0.0295
324,0.0233
325,0.0398
326,0.0307
327,0.0291
328,0.0300
329,0.0293
330,0.0253
331,0.0287
332,0.0323
333,0.0236
334,0.0335
335,0.0303
336,0.0254
337,0.0301
338,0.0257
339,0.0247
340,0.0235
341,0.0291
342,0.0281
343,0.0256
344,0.0291
345,0.0354
346,0.0332
347,0.0241
348,0.0249
349,0.0285
350,0.0270
351,0.0246
352,0.0357
353,0.0318
354,0.0269
355,0.0287
356,0.0294
357,0.0255
358,0.0329
359,0.0389
360,0.0307
361,0.0314
362,0.0277
363,0.0228
364,0.0352
365,0.0292
366,0.0233
367,0.0291
368,0.0310
369,0.0264
370,0.0228
371,0.0218
372,0.0275
373,0.0311
374,0.0230
375,0.0279
376,0.0214
377,0.0295
378,0.0236
379,0.0286
380,0.0320
381,0.0320
382,0.0294
383,0.0233
384,0.0277
385,0.0233
386,0.0251
387,0.0300
388,0.0282
389,0.0313
390,0.0278
391,0.0377
392,0.0280
393,0.0288
394,0.0377
395,0.0224
396,0.0342
397,0.0260
398,0.0230
399,0.0311
400,0.0291
401,0.0270
402,0.0266
403,0.0294
404,0.0268
405,0.0258
406,0.0303
407,0.0284
408,0.0303
409,0.0286
410,0.0265
411,0.0240
412,0.0236
413,0.0353
414,0.0237
415,0.0239
416,0.0288
417,0.0300
418,0.0298
419,0.0369
420,0.0245
421,0.0246
422,0.0277
423,0.0233
424,0.0298
425,0.0227
426,0.0321
427,0.0307
428,0.0271
429,0.0301
430,0.0261
431,0.0272
432,0.0286
433,0.0303
434,0.0306
435,0.0319
436,0.0324
437,0.0253
438,0.0355
439,0.0319
440,0.0323
441,0.0259
442,0.0335
443,0.0243
444,0.0291
445,0.0258
446,0.0241
447,0.0233
448,0.0236
449,0.0266
450,0.0237
451,0.0283
452,0.0239
453,0.0287
454,0.0255
455,0.0368
456,0.0272
457,0.0259
458,0.0242
459,0.0275
460,0.0249
461,0.0276
462,0.0256
463,0.0284
464,0.0240
465,0.0250
466,0.0275
467,0.0256
468,0.0247
469,0.0290
470,0.0247
471,0.0260
472,0.0302
473,0.0283
474,0.0259
475,0.0285
476,0.0233
477,0.0309
478,0.0347
479,0.0243
480,0.0304
481,0.0265
482,0.0265
483,0.0279
484,0.0272
485,0.0253
486,0.0296
487,0.0333
488,0.0262
489,0.0279
490,0.0306
491,0.0245
492,0.0278
493,0.0283
494,0.0296
495,0.0261
496,0.0315
497,0.0349
498,0.0271
499,0.0277
500,0.0247
501,0.0238
502,0.0277
503,0.0259
504,0.0233
505,0.0262
506,0.0245
507,0.0274
508,0.0236
509,0.0311
510,0.0398
511,0.0263
512,0.0210
513,0.0302
514,0.0290
515,0.0259
516,0.0355
517,0.0265
518,0.0217
519,0.0405
520,0.0293
521,0.0240
522,0.0293
523,0.0368
524,0.0285
525,0.0293
526,0.0260
527,0.0271
528,0.0248
529,0.0247
530,0.0255
531,0.0285
532,0.0293
533,0.0359
534,0.0232
535,0.0250
536,0.0279
537,0.0226
538,0.0313
539,0.0428
540,0.0302
541,0.0288
542,0.0288
543,0.0313
544,0.0237
545,0.0268
546,0.0300
547,0.0267
548,0.0285
549,0.0247
550,0.0322
551,0.0221
552,0.0249
553,0.0300
554,0.0246
555,0.0224
556,0.0273
557,0.0315
558,0.0269
559,0.0252
560,0.0242
561,0.0306
562,0.0341
563,0.0417
564,0.0282
565,0.0312
566,0.0313
567,0.0264
568,0.0300
569,0.0312
570,0.0278
571,0.0266
572,0.0307
573,0.0260
574,0.0298
575,0.0262
576,0.0248
577,0.0262
578,0.0337
579,0.0288
580,0.0258
581,0.0286
582,0.0275
583,0.0314
584,0.0266
585,0.0267
586,0.0253
587,0.0274
588,0.0277
589,0.0260
590,0.0280
591,0.0243
592,0.0279
593,0.0246
594,0.0255
595,0.0268
596,0.0309
597,0.0226
598,0.0246
599,0.0250
600,0.0283
601,0.0270
602,0.0264
603,0.0254
604,0.0320
605,0.0291
606,0.0231
607,0.0313
608,0.0261
609,0.0275
610,0.0294
611,0.0292
612,0.0334
613,0.0282
614,0.0261
615,0.0249
616,0.0295
617,0.0319
618,0.0293
619,0.0297
620,0.0307
621,0.0277
622,0.0241
623,0.0264
624,0.0268
625,0.0240
626,0.0288
627,0.0299
628,0.0308
629,0.0260
630,0.0307
631,0.0278
632,0.0248
633,0.0270
634,0.0311
635,0.0289
636,0.0303
637,0.0278
638,0.0256
639,0.0346
640,0.0294
641,0.0272
642,0.0299
643,0.0310
644,0.0281
645,0.0252
646,0.0264
647,0.0277
648,0.0308
649,0.0252
650,0.0299
651,0.0308
652,0.0287
653,0.0349
654,0.0317
655,0.0286
656,0.0299
657,0.0277
658,0.0340
659,0.0284
660,0.0330
661,0.0280
662,0.0229
663,0.0253
664,0.0300
665,0.0301
666,0.0323
667,0.0277
668,0.0288
669,0.0285
670,0.0341
671,0.0368
672,0.0347
673,0.0299
674,0.0330
675,0.0245
676,0.0311
677,0.0263
678,0.0278
679,0.0353
680,0.0253
681,0.0326
682,0.0318
683,0.0350
684,0.0444
685,0.0332
686,0.0274
687,0.0357
688,0.0388
689,0.0376
690,0.0259
691,0.0276
692,0.0355
693,0.0290
694,0.0305
695,0.0250
696,0.0317
697,0.0288
698,0.0246
699,0.0370
700,0.0251
701,0.0360
702,0.0327
703,0.0285
704,0.0315
705,0.0293
706,0.0291
707,0.0327
708,0.0220
709,0.0305
710,0.0321
711,0.0290
712,0.0330
713,0.0315
714,0.0340
715,0.0293
716,0.0288
717,0.0344
718,0.0280
719,0.0281
720,0.0250
721,0.0281
722,0.0327
723,0.0373
724,0.0289
725,0.0319
726,0.0285
727,0.0312
728,0.0267
729,0.0271
730,0.0265
731,0.0270
732,0.0294
733,0.0278
734,0.0278
735,0.0263
736,0.0305
737,0.0322
738,0.0267
739,0.0308
740,0.0301
741,0.0347
742,0.0273
743,0.0335
744,0.0320
745,0.0310
746,0.0297
747,0.0247
748,0.0275
749,0.0311
750,0.0236
751,0.0267
752,0.0264
753,0.0282
754,0.0259
755,0.0297
756,0.0226
757,0.0309
758,0.0241
759,0.0321
760,0.0345
761,0.0267
762,0.0390
763,0.0291
764,0.0297
765,0.0280
766,0.0268
767,0.0321
768,0.0272
769,0.0266
770,0.0232
771,0.0260
772,0.0274
773,0.0281
774,0.0269
775,0.0310
776,0.0286
777,0.0299
778,0.0244
779,0.0293
780,0.0254
781,0.0320
782,0.0277
783,0.0361
784,0.0341
785,0.0300
786,0.0268
787,0.0307
788,0.0327
789,0.0279
790,0.0292
791,0.0310
792,0.0273
793,0.0270
794,0.0286
795,0.0317
796,0.0281
797,0.0277
798,0.0283
799,0.0311
800,0.0267
801,0.0239
802,0.0243
803,0.0325
804,0.0261
805,0.0274
806,0.0302
807,0.0308
808,0.0281
809,0.0275
810,0.0256
811,0.0299
812,0.0202
813,0.0250
814,0.0259
815,0.0254
816,0.0214
817,0.0288
818,0.0319
819,0.0235
820,0.0206
821,0.0287
822,0.0238
823,0.0235
824,0.0212
825,0.0178
826,0.0219
827,0.0257
828,0.0224
829,0.0226
830,0.0339
831,0.0426
832,0.0310
833,0.0505
834,0.0341
835,0.0399
836,0.0431
837,0.0615
838,0.0503
839,0.0519
840,0.0635
841,0.0617
842,0.0541
843,0.0640
844,0.0684
845,0.0619
846,0.0357
847,0.0452
848,0.0717
849,0.0442
850,0.0451
851,0.0464
852,0.0512
853,0.0453
854,0.0508
855,0.0641
856,0.0676
857,0.0691
858,0.0514
859,0.0452
860,0.0600
861,0.0646
862,0.0783
863,0.0574
864,0.0758
865,0.0545
866,0.0293
867,0.0415
868,0.0476
869,0.0538
870,0.0408
871,0.0736
872,0.0522
873,0.0721
874,0.0535
875,0.0292
876,0.0786
877,0.0703
878,0.0710
879,0.0794
880,0.0777
881,0.0595
882,0.0460
883,0.0728
884,0.0727
885,0.0491
886,0.0477
887,0.0259
888,0.0277
889,0.0517
890,0.0516
891,0.0937
892,0.1193
893,0.0847
894,0.0870
895,0.0857
896,0.0686
897,0.0913
898,0.0959
899,0.0924
900,0.0345
901,0.0262
902,0.0504
903,0.0469
904,0.0309
905,0.1121
906,0.0239
907,0.0776
908,0.0255
909,0.0365
910,0.0733
911,0.1009
912,0.0880
913,0.0585
914,0.0517
915,0.0844
916,0.0652
917,0.0807
918,0.0292
919,0.0809
920,0.0408
921,0.0652
922,0.0489
923,0.0277
924,0.0409
925,0.0304
926,0.0572
927,0.0993
928,0.0509
929,0.0731
930,0.0730
931,0.0877
932,0.0894
933,0.0900
934,0.0736
935,0.0300
936,0.0684
937,0.0277
938,0.0315
939,0.0419
940,0.0593
941,0.0570
942,0.0285
943,0.0542
944,0.0880
945,0.0660
946,0.0269
947,0.0604
948,0.0283
949,0.0513
950,0.0278
951,0.0212
952,0.0499
953,0.0278
954,0.0426
955,0.0951
956,0.0309
957,0.0744
958,0.0504
959,0.0341
960,0.0326
961,0.0358
962,0.0276
963,0.0330
964,0.0272
965,0.1002
966,0.0565
967,0.0554
968,0.0741
969,0.0556
970,0.0873
971,0.0570
972,0.0330
973,0.0542
974,0.0704
975,0.0524
976,0.0654
977,0.0675
978,0.0621
979,0.0745
980,0.0938
981,0.1031
982,0.0739
983,0.1021
984,0.0343
985,0.0672
986,0.0766
987,0.0678
988,0.1026
989,0.1152
990,0.0721
991,0.0833
992,0.0764
993,0.0764
994,0.0605
995,0.0588
996,0.0733
997,0.0700
998,0.1162
999,0.0918
1000,0.0822