1,0.0622
2,0.0408
3,0.0532
4,0.0425
5,0.0874
6,0.0462
7,0.1348
8,0.0551
9,0.0502
10,0.0461
11,0.0622
12,0.0408
13,0.0532
14,0.0425
15,0.0578
16,0.0500
17,0.0558
18,0.0559
19,0.0560
20,0.0305
21,0.0281
22,0.0333
23,0.0912
24,0.0313
25,0.0982
26,0.0512
27,0.0865
28,0.0759
29,0.0333
30,0.0600
31,0.0777
32,0.0926
33,0.0871
34,0.0939
35,0.0574
36,0.0476
37,0.0697
38,0.0651
39,0.0660
40,0.0460
41,0.1075
42,0.0482
43,0.0859
44,0.0638
45,0.0546
46,0.0442
47,0.0395
48,0.0842
49,0.0847
50,0.0724
51,0.0763
52,0.0337
53,0.0325
54,0.0803
55,0.0298
56,0.0326
57,0.0355
58,0.0281
59,0.0844
60,0.0434
61,0.0317
62,0.0291
63,0.0269
64,0.0350
65,0.0464
66,0.0742
67,0.0469
68,0.0270
69,0.0467
70,0.0337
71,0.1022
72,0.0816
73,0.0263
74,0.0356
75,0.0701
76,0.0455
77,0.0255
78,0.0843
79,0.0821
80,0.0758
81,0.0277
82,0.0346
83,0.0329
84,0.0883
85,0.0875
86,0.0559
87,0.0968
88,0.0324
89,0.0563
90,0.0263
91,0.0697
92,0.0462
93,0.0798
94,0.0770
95,0.0751
96,0.0714
97,0.0584
98,0.0307
99,0.0269
100,0.0269
101,0.0550
102,0.0271
103,0.0330
104,0.0675
105,0.0704
106,0.0254
107,0.0321
108,0.0737
109,0.0302
110,0.0491
111,0.0632
112,0.0753
113,0.0846
114,0.0653
115,0.0875
116,0.0623
117,0.0234
118,0.0304
119,0.0794
120,0.0906
121,0.0852
122,0.0845
123,0.0835
124,0.0599
125,0.0626
126,0.0342
127,0.0575
128,0.0705
129,0.0537
130,0.0682
131,0.0471
132,0.0949
133,0.0789
134,0.0569
135,0.0968
136,0.0337
137,0.1091
138,0.0598
139,0.1015
140,0.0738
141,0.0559
142,0.0272
143,0.0358
144,0.0284
145,0.0656
146,0.0760
147,0.0739
148,0.0849
149,0.0578
150,0.0572
151,0.0895
152,0.0886
153,0.0279
154,0.0846
155,0.0461
156,0.0773
157,0.0218
158,0.0571
159,0.0237
160,0.0473
161,0.0997
162,0.0560
163,0.0989
164,0.0500
165,0.0296
166,0.0549
167,0.1037
168,0.0300
169,0.0496
170,0.0289
171,0.0467
172,0.0466
173,0.0557
174,0.0624
175,0.0981
176,0.0816
177,0.0606
178,0.0585
179,0.0589
180,0.0745
181,0.0323
182,0.0755
183,0.0652
184,0.0959
185,0.0890
186,0.0934
187,0.0277
188,0.0315
189,0.0439
190,0.0940
191,0.0308
192,0.0842
193,0.0346
194,0.0439
195,0.0867
196,0.0508
197,0.0677
198,0.0566
199,0.0544
200,0.0539
201,0.0768
202,0.0732
203,0.0436
204,0.0484
205,0.0625
206,0.0707
207,0.0279
208,0.0828
209,0.0548
210,0.1042
211,0.0928
212,0.0949
213,0.0882
214,0.0529
215,0.0477
216,0.0700
217,0.0692
218,0.0742
219,0.0812
220,0.0504
221,0.0380
222,0.0626
223,0.0693
224,0.0889
225,0.0573
226,0.0837
227,0.0804
228,0.1016
229,0.0764
230,0.0545
231,0.0285
232,0.0837
233,0.0311
234,0.0605
235,0.0479
236,0.1011
237,0.0768
238,0.0260
239,0.0545
240,0.0931
241,0.0909
242,0.0562
243,0.0407
244,0.0290
245,0.0298
246,0.0293
247,0.0554
248,0.0648
249,0.0315
250,0.0834
251,0.0643
252,0.0656
253,0.0482
254,0.0631
255,0.0555
256,0.0836
257,0.0583
258,0.0850
259,0.0370
260,0.0532
261,0.0264
262,0.0290
263,0.0279
264,0.0317
265,0.0520
266,0.0591
267,0.0406
268,0.0613
269,0.0810
270,0.0344
271,0.0780
272,0.0471
273,0.0982
274,0.0479
275,0.0463
276,0.0614
277,0.0618
278,0.0476
279,0.0811
280,0.0547
281,0.0713
282,0.0669
283,0.0307
284,0.0261
285,0.0334
286,0.0564
287,0.0295
288,0.0762
289,0.0514
290,0.0826
291,0.0555
292,0.0605
293,0.1008
294,0.0292
295,0.0321
296,0.0610
297,0.0556
298,0.0962
299,0.0294
300,0.0997
301,0.0754
302,0.0648
303,0.0583
304,0.0275
305,0.0287
306,0.0617
307,0.0314
308,0.0281
309,0.0523
310,0.0425
311,0.0251
312,0.0894
313,0.0583
314,0.0473
315,0.0818
316,0.0445
317,0.0672
318,0.0680
319,0.0557
320,0.0678
321,0.0718
322,0.1314
323,0.0462
324,0.1169
325,0.0961
326,0.0529
327,0.0337
328,0.0349
329,0.0816
330,0.0289
331,0.0301
332,0.0280
333,0.0545
334,0.0920
335,0.0589
336,0.0293
337,0.0268
338,0.0924
339,0.0290
340,0.0327
341,0.0319
342,0.0579
343,0.0735
344,0.0471
345,0.0903
346,0.0772
347,0.0815
348,0.0279
349,0.1076
350,0.0756
351,0.0598
352,0.0958
353,0.0897
354,0.0899
355,0.0662
356,0.0629
357,0.0317
358,0.0739
359,0.0352
360,0.0300
361,0.0780
362,0.0727
363,0.0563
364,0.0383
365,0.0342
366,0.0284
367,0.0769
368,0.0670
369,0.0679
370,0.0522
371,0.0697
372,0.0317
373,0.0332
374,0.0753
375,0.0771
376,0.0349
377,0.0306
378,0.0256
379,0.0413
380,0.0314
381,0.0279
382,0.0288
383,0.0649
384,0.0548
385,0.0752
386,0.0738
387,0.0240
388,0.0761
389,0.0708
390,0.0992
391,0.0342
392,0.0881
393,0.0613
394,0.0475
395,0.0588
396,0.0411
397,0.0296
398,0.0338
399,0.0367
400,0.0259
401,0.0605
402,0.0817
403,0.0795
404,0.0390
405,0.0564
406,0.1001
407,0.0329
408,0.0672
409,0.0249
410,0.0313
411,0.0287
412,0.0317
413,0.0306
414,0.0592
415,0.0563
416,0.0245
417,0.0513
418,0.0875
419,0.1073
420,0.0600
421,0.0303
422,0.0293
423,0.0322
424,0.0747
425,0.1104
426,0.0949
427,0.0311
428,0.0807
429,0.0599
430,0.0627
431,0.0467
432,0.0481
433,0.0788
434,0.0313
435,0.0944
436,0.0667
437,0.0479
438,0.0914
439,0.0640
440,0.0694
441,0.0966
442,0.0608
443,0.0288
444,0.0299
445,0.0317
446,0.0434
447,0.0864
448,0.0302
449,0.0527
450,0.0272
451,0.0308
452,0.0323
453,0.0781
454,0.0834
455,0.0323
456,0.0308
457,0.0317
458,0.0294
459,0.0572
460,0.1033
461,0.0460
462,0.0609
463,0.0535
464,0.0703
465,0.0339
466,0.0317
467,0.0305
468,0.0278
469,0.0310
470,0.0870
471,0.0558
472,0.0516
473,0.0466
474,0.0589
475,0.0320
476,0.0289
477,0.0853
478,0.0817
479,0.0490
480,0.0812
481,0.0942
482,0.0278
483,0.0534
484,0.0860
485,0.0543
486,0.0299
487,0.0637
488,0.0746
489,0.0824
490,0.0891
491,0.0754
492,0.0258
493,0.0313
494,0.0846
495,0.0391
496,0.0265
497,0.0490
498,0.0948
499,0.0304
500,0.0262
501,0.0651
502,0.0357
503,0.0284
504,0.0407
505,0.0551
506,0.0701
507,0.0969
508,0.0620
509,0.0350
510,0.0956
511,0.0735
512,0.0501
513,0.0393
514,0.0299
515,0.0687
516,0.0917
517,0.0324
518,0.0829
519,0.0321
520,0.0619
521,0.0398
522,0.0352
523,0.0774
524,0.0693
525,0.0739
526,0.0583
527,0.0724
528,0.0464
529,0.0310
530,0.0467
531,0.0741
532,0.0610
533,0.0691
534,0.0561
535,0.0635
536,0.0544
537,0.0601
538,0.0535
539,0.0632
540,0.0355
541,0.0338
542,0.0433
543,0.0508
544,0.0309
545,0.0346
546,0.0451
547,0.0374
548,0.0437
549,0.0737
550,0.0666
551,0.0409
552,0.0296
553,0.0366
554,0.0638
555,0.0255
556,0.0719
557,0.0317
558,0.0407
559,0.0431
560,0.0471
561,0.0520
562,0.0469
563,0.0433
564,0.0394
565,0.0328
566,0.0423
567,0.0298
568,0.0315
569,0.0267
570,0.0371
571,0.0363
572,0.0353
573,0.0497
574,0.0440
575,0.0355
576,0.0441
577,0.0596
578,0.0739
579,0.0201
580,0.0277
581,0.0337
582,0.0361
583,0.0366
584,0.0410
585,0.0457
586,0.0336
587,0.0372
588,0.0382
589,0.0373
590,0.0474
591,0.0402
592,0.0427
593,0.0669
594,0.0617
595,0.0434
596,0.0473
597,0.0423
598,0.0859
599,0.0511
600,0.0471
601,0.0328
602,0.0640
603,0.0490
604,0.0548
605,0.0454
606,0.0542
607,0.0439
608,0.0499
609,0.0595
610,0.0530
611,0.0510
612,0.0635
613,0.0383
614,0.0398
615,0.0289
616,0.0437
617,0.0568
618,0.0527
619,0.0491
620,0.0539
621,0.0373
622,0.0615
623,0.0603
624,0.0524
625,0.0550
626,0.0554
627,0.0487
628,0.0720
629,0.0397
630,0.0385
631,0.0658
632,0.0562
633,0.0502
634,0.0444
635,0.0594
636,0.0373
637,0.0262
638,0.0374
639,0.0300
640,0.0442
641,0.0348
642,0.0320
643,0.0296
644,0.0306
645,0.0519
646,0.0489
647,0.0373
648,0.0386
649,0.0393
650,0.0380
651,0.0600
652,0.0546
653,0.0401
654,0.0559
655,0.0528
656,0.0390
657,0.0379
658,0.0474
659,0.0399
660,0.0467
661,0.0479
662,0.0620
663,0.0396
664,0.0635
665,0.0540
666,0.0423
667,0.0364
668,0.0602
669,0.0582
670,0.0392
671,0.0306
672,0.0625
673,0.0284
674,0.0465
675,0.0352
676,0.0574
677,0.0466
678,0.0427
679,0.0370
680,0.0742
681,0.0536
682,0.0467
683,0.0298
684,0.0311
685,0.1015
686,0.0386
687,0.0479
688,0.0530
689,0.0553
690,0.0577
691,0.0506
692,0.0453
693,0.0392
694,0.0414
695,0.0717
696,0.0449
697,0.0510
698,0.0616
699,0.0441
700,0.0641
701,0.0669
702,0.0471
703,0.0285
704,0.0509
705,0.0445
706,0.0633
707,0.0546
708,0.0628
709,0.0802
710,0.0518
711,0.0610
712,0.0723
713,0.0458
714,0.0638
715,0.0628
716,0.0442
717,0.0437
718,0.0351
719,0.0423
720,0.0329
721,0.0380
722,0.0569
723,0.0703
724,0.0720
725,0.0532
726,0.0419
727,0.0455
728,0.0645
729,0.0486
730,0.0453
731,0.0541
732,0.0321
733,0.0417
734,0.0278
735,0.0463
736,0.0603
737,0.0560
738,0.0304
739,0.0589
740,0.0483
741,0.0580
742,0.0388
743,0.0576
744,0.0635
745,0.0502
746,0.0373
747,0.0444
748,0.0325
749,0.0416
750,0.0518
751,0.0531
752,0.0432
753,0.0441
754,0.0445
755,0.0491
756,0.0624
757,0.0343
758,0.0540
759,0.0358
760,0.0406
761,0.0306
762,0.0333
763,0.0445
764,0.0594
765,0.0330
766,0.0465
767,0.0558
768,0.0463
769,0.0495
770,0.0470
771,0.0312
772,0.0348
773,0.0677
774,0.0563
775,0.0767
776,0.0589
777,0.0341
778,0.0599
779,0.0665
780,0.0586
781,0.0331
782,0.0457
783,0.0490
784,0.0571
785,0.0397
786,0.0218
787,0.0404
788,0.0579
789,0.0563
790,0.0586
791,0.0572
792,0.0595
793,0.0558
794,0.0411
795,0.0474
796,0.0569
797,0.0598
798,0.0525
799,0.0509
800,0.0646
801,0.0475
802,0.0766
803,0.0534
804,0.0481
805,0.0549
806,0.0409
807,0.0472
808,0.0405
809,0.0357
810,0.0630
811,0.0863
812,0.0457
813,0.0564
814,0.0793
815,0.0776
816,0.0957
817,0.0836
818,0.0502
819,0.0859
820,0.0546
821,0.0472
822,0.0743
823,0.0313
824,0.0366
825,0.0643
826,0.0257
827,0.0526
828,0.0269
829,0.0795
830,0.1035
831,0.0966
832,0.0317
833,0.0578
834,0.0624
835,0.0781
836,0.0382
837,0.0845
838,0.0941
839,0.0808
840,0.0312
841,0.0495
842,0.0536
843,0.0334
844,0.0516
845,0.0348
846,0.0725
847,0.0271
848,0.0787
849,0.0572
850,0.0958
851,0.0801
852,0.0554
853,0.0426
854,0.0886
855,0.0687
856,0.0885
857,0.0826
858,0.0702
859,0.0687
860,0.0858
861,0.0839
862,0.0752
863,0.1023
864,0.0314
865,0.0842
866,0.0634
867,0.0621
868,0.0375
869,0.0460
870,0.0649
871,0.0710
872,0.0559
873,0.0541
874,0.0925
875,0.0698
876,0.0344
877,0.0813
878,0.0411
879,0.0658
880,0.0422
881,0.0820
882,0.0692
883,0.0420
884,0.0381
885,0.0601
886,0.0421
887,0.0331
888,0.0671
889,0.0813
890,0.0642
891,0.0640
892,0.0811
893,0.0581
894,0.0463
895,0.0448
896,0.0466
897,0.0506
898,0.0434
899,0.0708
900,0.0379
901,0.0737
902,0.0658
903,0.0513
904,0.0418
905,0.0341
906,0.0654
907,0.0782
908,0.0463
909,0.0557
910,0.1101
911,0.0403
912,0.0597
913,0.0234
914,0.0662
915,0.0240
916,0.0303
917,0.0271
918,0.0472
919,0.0491
920,0.0529
921,0.0278
922,0.0390
923,0.0264
924,0.0722
925,0.0569
926,0.0226
927,0.0403
928,0.0413
929,0.0669
930,0.0581
931,0.0420
932,0.0242
933,0.0235
934,0.0488
935,0.0212
936,0.0207
937,0.0268
938,0.0735
939,0.0463
940,0.0230
941,0.0501
942,0.0203
943,0.0521
944,0.0454
945,0.0393
946,0.0274
947,0.0556
948,0.0712
949,0.0517
950,0.0615
951,0.0223
952,0.0269
953,0.0284
954,0.0410
955,0.0374
956,0.0476
957,0.0189
958,0.0559
959,0.0272
960,0.0423
961,0.0758
962,0.0236
963,0.0250
964,0.0518
965,0.0398
966,0.0730
967,0.0652
968,0.0614
969,0.0598
970,0.0577
971,0.0516
972,0.0965
973,0.0458
974,0.0589
975,0.0260
976,0.0662
977,0.0784
978,0.0317
979,0.0227
980,0.0997
981,0.0530
982,0.0221
983,0.0568
984,0.0416
985,0.0267
986,0.0631
987,0.0501
988,0.0577
989,0.0661
990,0.0721
991,0.0566
992,0.0612
993,0.0263
994,0.0233
995,0.0277
996,0.0210
997,0.0284
998,0.0647
999,0.0616
1000,0.0693