1,0.0317
2,0.0320
3,0.0277
4,0.0333
5,0.0344
6,0.0417
7,0.0360
8,0.0362
9,0.0328
10,0.0311
11,0.0347
12,0.0337
13,0.0316
14,0.0311
15,0.0351
16,0.0300
17,0.0253
18,0.0403
19,0.0320
20,0.0309
21,0.0317
22,0.0320
23,0.0277
24,0.0333
25,0.0344
26,0.0249
27,0.0288
28,0.0281
29,0.0305
30,0.0341
31,0.0257
32,0.0254
33,0.0313
34,0.0291
35,0.0335
36,0.0290
37,0.0280
38,0.0284
39,0.0275
40,0.0245
41,0.0385
42,0.0364
43,0.0286
44,0.0271
45,0.0266
46,0.0268
47,0.0273
48,0.0325
49,0.0281
50,0.0318
51,0.0346
52,0.0275
53,0.0292
54,0.0294
55,0.0321
56,0.0269
57,0.0305
58,0.0301
59,0.0279
60,0.0316
61,0.0222
62,0.0234
63,0.0254
64,0.0317
65,0.0234
66,0.0321
67,0.0279
68,0.0305
69,0.0257
70,0.0259
71,0.0298
72,0.0305
73,0.0276
74,0.0288
75,0.0236
76,0.0265
77,0.0284
78,0.0328
79,0.0258
80,0.0330
81,0.0267
82,0.0296
83,0.0290
84,0.0273
85,0.0229
86,0.0303
87,0.0286
88,0.0279
89,0.0254
90,0.0243
91,0.0254
92,0.0239
93,0.0319
94,0.0252
95,0.0245
96,0.0275
97,0.0272
98,0.0288
99,0.0288
100,0.0276
101,0.0287
102,0.0336
103,0.0252
104,0.0246
105,0.0244
106,0.0265
107,0.0240
108,0.0292
109,0.0234
110,0.0265
111,0.0276
112,0.0250
113,0.0219
114,0.0233
115,0.0276
116,0.0240
117,0.0313
118,0.0315
119,0.0271
120,0.0270
121,0.0310
122,0.0281
123,0.0236
124,0.0252
125,0.0282
126,0.0244
127,0.0313
128,0.0283
129,0.0300
130,0.0287
131,0.0266
132,0.0242
133,0.0203
134,0.0229
135,0.0236
136,0.0230
137,0.0220
138,0.0248
139,0.0224
140,0.0252
141,0.0287
142,0.0280
143,0.0289
144,0.0292
145,0.0332
146,0.0281
147,0.0293
148,0.0248
149,0.0270
150,0.0215
151,0.0247
152,0.0212
153,0.0285
154,0.0245
155,0.0266
156,0.0263
157,0.0295
158,0.0257
159,0.0229
160,0.0358
161,0.0290
162,0.0245
163,0.0230
164,0.0241
165,0.0241
166,0.0266
167,0.0240
168,0.0300
169,0.0222
170,0.0254
171,0.0264
172,0.0254
173,0.0232
174,0.0250
175,0.0234
176,0.0226
177,0.0285
178,0.0232
179,0.0316
180,0.0306
181,0.0277
182,0.0306
183,0.0264
184,0.0293
185,0.0292
186,0.0271
187,0.0287
188,0.0245
189,0.0262
190,0.0278
191,0.0297
192,0.0265
193,0.0255
194,0.0263
195,0.0241
196,0.0343
197,0.0241
198,0.0279
199,0.0227
200,0.0254
201,0.0231
202,0.0254
203,0.0266
204,0.0256
205,0.0246
206,0.0407
207,0.0275
208,0.0429
209,0.0280
210,0.0290
211,0.0228
212,0.0259
213,0.0262
214,0.0234
215,0.0267
216,0.0280
217,0.0211
218,0.0296
219,0.0286
220,0.0271
221,0.0275
222,0.0305
223,0.0334
224,0.0276
225,0.0247
226,0.0293
227,0.0229
228,0.0273
229,0.0251
230,0.0246
231,0.0274
232,0.0215
233,0.0290
234,0.0262
235,0.0261
236,0.0285
237,0.0284
238,0.0273
239,0.0244
240,0.0254
241,0.0249
242,0.0333
243,0.0265
244,0.0272
245,0.0280
246,0.0265
247,0.0242
248,0.0230
249,0.0246
250,0.0263
251,0.0274
252,0.0288
253,0.0268
254,0.0262
255,0.0251
256,0.0222
257,0.0227
258,0.0276
259,0.0303
260,0.0308
261,0.0320
262,0.0266
263,0.0264
264,0.0277
265,0.0208
266,0.0275
267,0.0218
268,0.0215
269,0.0250
270,0.0282
271,0.0224
272,0.0288
273,0.0292
274,0.0267
275,0.0203
276,0.0210
277,0.0237
278,0.0206
279,0.0234
280,0.0247
281,0.0380
282,0.0216
283,0.0316
284,0.0233
285,0.0266
286,0.0391
287,0.0230
288,0.0180
289,0.0239
290,0.0235
291,0.0233
292,0.0182
293,0.0163
294,0.0243
295,0.0181
296,0.0198
297,0.0230
298,0.0246
299,0.0212
300,0.0290
301,0.0304
302,0.0264
303,0.0407
304,0.0393
305,0.0360
306,0.0429
307,0.0397
308,0.0465
309,0.0433
310,0.0458
311,0.0389
312,0.0367
313,0.0439
314,0.0273
315,0.0361
316,0.0492
317,0.0439
318,0.0358
319,0.0346
320,0.0584
321,0.0283
322,0.0285
323,0.0420
324,0.0210
325,0.0243
326,0.0248
327,0.0215
328,0.0233
329,0.0534
330,0.0403
331,0.0438
332,0.0276
333,0.0426
334,0.0437
335,0.0456
336,0.0356
337,0.0374
338,0.0345
339,0.0236
340,0.0334
341,0.0312
342,0.0389
343,0.0459
344,0.0436
345,0.1141
346,0.0211
347,0.0219
348,0.0395
349,0.0383
350,0.0224
351,0.0219
352,0.0472
353,0.0494
354,0.0485
355,0.0225
356,0.0557
357,0.0292
358,0.0183
359,0.0339
360,0.0609
361,0.0401
362,0.0289
363,0.0436
364,0.0632
365,0.0194
366,0.0204
367,0.0256
368,0.0426
369,0.0480
370,0.0469
371,0.0207
372,0.0421
373,0.0478
374,0.0301
375,0.0250
376,0.0214
377,0.0272
378,0.0464
379,0.0371
380,0.0487
381,0.0477
382,0.0317
383,0.0216
384,0.0204
385,0.0293
386,0.0192
387,0.0443
388,0.0566
389,0.0237
390,0.0405
391,0.0502
392,0.0436
393,0.0441
394,0.0290
395,0.0410
396,0.0431
397,0.0556
398,0.0417
399,0.0248
400,0.0233
401,0.0447
402,0.0252
403,0.0300
404,0.0199
405,0.0260
406,0.0326
407,0.0234
408,0.0224
409,0.0234
410,0.0292
411,0.0204
412,0.0274
413,0.0433
414,0.0335
415,0.0388
416,0.0457
417,0.0396
418,0.0457
419,0.0460
420,0.0423
421,0.0242
422,0.0208
423,0.0267
424,0.0483
425,0.0207
426,0.0530
427,0.0485
428,0.0415
429,0.0346
430,0.0440
431,0.0277
432,0.0464
433,0.0565
434,0.0362
435,0.0355
436,0.0446
437,0.0422
438,0.0291
439,0.0248
440,0.0478
441,0.0525
442,0.0384
443,0.0400
444,0.0244
445,0.0457
446,0.0442
447,0.0380
448,0.0473
449,0.0216
450,0.0191
451,0.0386
452,0.0289
453,0.0299
454,0.0420
455,0.0507
456,0.0451
457,0.0460
458,0.0496
459,0.0375
460,0.0458
461,0.0532
462,0.0274
463,0.0520
464,0.0461
465,0.0423
466,0.0433
467,0.0441
468,0.0389
469,0.0446
470,0.0259
471,0.0261
472,0.0312
473,0.0411
474,0.0432
475,0.0383
476,0.0436
477,0.0390
478,0.0453
479,0.0396
480,0.0620
481,0.0399
482,0.0269
483,0.0199
484,0.0218
485,0.0216
486,0.0436
487,0.0368
488,0.0196
489,0.0272
490,0.0547
491,0.0248
492,0.0286
493,0.0249
494,0.0527
495,0.0220
496,0.0257
497,0.0507
498,0.0414
499,0.0382
500,0.0205
501,0.0487
502,0.0251
503,0.0446
504,0.0242
505,0.0194
506,0.0371
507,0.0241
508,0.0447
509,0.0359
510,0.0500
511,0.0228
512,0.0516
513,0.0428
514,0.0420
515,0.0386
516,0.0285
517,0.0197
518,0.0277
519,0.0301
520,0.0225
521,0.0250
522,0.0394
523,0.0222
524,0.0260
525,0.0281
526,0.0425
527,0.0440
528,0.0396
529,0.0450
530,0.0419
531,0.0401
532,0.0263
533,0.0244
534,0.0214
535,0.0246
536,0.0188
537,0.0432
538,0.0279
539,0.0474
540,0.0397
541,0.0397
542,0.0426
543,0.0304
544,0.0246
545,0.0274
546,0.0224
547,0.0438
548,0.0518
549,0.0643
550,0.0431
551,0.0402
552,0.0424
553,0.0436
554,0.0332
555,0.0386
556,0.0397
557,0.0439
558,0.0416
559,0.0484
560,0.0378
561,0.0498
562,0.0316
563,0.0221
564,0.0318
565,0.0220
566,0.0414
567,0.0493
568,0.0237
569,0.0208
570,0.0402
571,0.0189
572,0.0202
573,0.0262
574,0.0228
575,0.0257
576,0.0245
577,0.0495
578,0.0434
579,0.0182
580,0.0223
581,0.0292
582,0.0252
583,0.0185
584,0.0202
585,0.0248
586,0.0206
587,0.0196
588,0.0232
589,0.0447
590,0.0222
591,0.0428
592,0.0378
593,0.0562
594,0.0438
595,0.0239
596,0.0232
597,0.0249
598,0.0245
599,0.0479
600,0.0525
601,0.0230
602,0.0494
603,0.0422
604,0.0307
605,0.0385
606,0.0352
607,0.0169
608,0.0440
609,0.0471
610,0.0286
611,0.0221
612,0.0300
613,0.0500
614,0.0329
615,0.0475
616,0.0436
617,0.0283
618,0.0288
619,0.0445
620,0.0576
621,0.0429
622,0.0240
623,0.0379
624,0.0530
625,0.0652
626,0.0575
627,0.0525
628,0.0608
629,0.0679
630,0.0381
631,0.0459
632,0.0270
633,0.0208
634,0.0669
635,0.0302
636,0.0357
637,0.0562
638,0.0493
639,0.0226
640,0.0227
641,0.0271
642,0.0557
643,0.0715
644,0.0541
645,0.0535
646,0.0618
647,0.0257
648,0.0277
649,0.0436
650,0.0498
651,0.0467
652,0.0701
653,0.0742
654,0.0720
655,0.0502
656,0.0695
657,0.0510
658,0.0257
659,0.0309
660,0.0653
661,0.0462
662,0.0604
663,0.0448
664,0.0364
665,0.0614
666,0.0328
667,0.0498
668,0.0430
669,0.0620
670,0.0540
671,0.0702
672,0.0593
673,0.0841
674,0.0279
675,0.0508
676,0.0314
677,0.0558
678,0.0494
679,0.0461
680,0.0420
681,0.0282
682,0.0628
683,0.0753
684,0.0688
685,0.0691
686,0.0289
687,0.0266
688,0.0800
689,0.0268
690,0.0297
691,0.0290
692,0.0259
693,0.0363
694,0.0240
695,0.0710
696,0.0789
697,0.0803
698,0.0710
699,0.0459
700,0.0612
701,0.0809
702,0.0324
703,0.0296
704,0.0265
705,0.0596
706,0.0747
707,0.0443
708,0.0747
709,0.0531
710,0.0634
711,0.0782
712,0.0606
713,0.0781
714,0.0484
715,0.0667
716,0.0445
717,0.0498
718,0.0505
719,0.0730
720,0.0649
721,0.0495
722,0.0796
723,0.0404
724,0.0655
725,0.0568
726,0.0232
727,0.0270
728,0.1049
729,0.1210
730,0.1324
731,0.0762
732,0.1162
733,0.0956
734,0.1185
735,0.0776
736,0.1249
737,0.1167
738,0.0963
739,0.1171
740,0.1001
741,0.1037
742,0.0824
743,0.1214
744,0.0834
745,0.0776
746,0.0950
747,0.1271
748,0.1269
749,0.1241
750,0.1140
751,0.1084
752,0.0978
753,0.0821
754,0.0759
755,0.1049
756,0.0811
757,0.1325
758,0.1088
759,0.0846
760,0.1037
761,0.0819
762,0.0841
763,0.1074
764,0.0812
765,0.0819
766,0.1220
767,0.1151
768,0.0925
769,0.1378
770,0.1227
771,0.1124
772,0.0904
773,0.1061
774,0.1326
775,0.1266
776,0.0768
777,0.0805
778,0.0732
779,0.0749
780,0.0783
781,0.0751
782,0.0783
783,0.0823
784,0.1090
785,0.0743
786,0.0778
787,0.0825
788,0.0807
789,0.1199
790,0.0989
791,0.1058
792,0.1188
793,0.1250
794,0.0778
795,0.0765
796,0.0866
797,0.1052
798,0.0795
799,0.0772
800,0.0771
801,0.1055
802,0.1034
803,0.1053
804,0.1180
805,0.1003
806,0.1096
807,0.1047
808,0.1040
809,0.1107
810,0.1026
811,0.1091
812,0.1253
813,0.1005
814,0.1155
815,0.1142
816,0.0983
817,0.0824
818,0.1264
819,0.1154
820,0.0983
821,0.0772
822,0.0791
823,0.1296
824,0.0759
825,0.1079
826,0.0752
827,0.0775
828,0.0808
829,0.1013
830,0.0816
831,0.0892
832,0.0771
833,0.1378
834,0.1209
835,0.1137
836,0.1094
837,0.1108
838,0.1171
839,0.1020
840,0.1099
841,0.0777
842,0.0782
843,0.0774
844,0.0869
845,0.1074
846,0.0714
847,0.0716
848,0.0973
849,0.0753
850,0.0786
851,0.1089
852,0.1171
853,0.1118
854,0.0961
855,0.1081
856,0.1052
857,0.1262
858,0.1116
859,0.1076
860,0.0822
861,0.0782
862,0.1269
863,0.0911
864,0.0798
865,0.0906
866,0.1040
867,0.1040
868,0.1172
869,0.0869
870,0.1185
871,0.0811
872,0.1170
873,0.1054
874,0.1222
875,0.1176
876,0.0760
877,0.0814
878,0.1038
879,0.0944
880,0.0791
881,0.0985
882,0.1307
883,0.0953
884,0.0789
885,0.0774
886,0.1160
887,0.1464
888,0.1315
889,0.1280
890,0.1131
891,0.1253
892,0.1444
893,0.1040
894,0.1104
895,0.1022
896,0.0829
897,0.0797
898,0.0842
899,0.0777
900,0.1380
901,0.0976
902,0.0790
903,0.1363
904,0.1181
905,0.1342
906,0.1457
907,0.0990
908,0.0983
909,0.1097
910,0.0981
911,0.1349
912,0.1002
913,0.1269
914,0.1281
915,0.0756
916,0.1533
917,0.0823
918,0.1035
919,0.1514
920,0.1317
921,0.0990
922,0.1225
923,0.0949
924,0.0780
925,0.1219
926,0.1256
927,0.1002
928,0.0834
929,0.0815
930,0.0807
931,0.0829
932,0.1238
933,0.1039
934,0.1372
935,0.0957
936,0.1375
937,0.1156
938,0.1032
939,0.0754
940,0.0894
941,0.0849
942,0.1206
943,0.1197
944,0.1163
945,0.0959
946,0.1413
947,0.0787
948,0.1325
949,0.1267
950,0.0957
951,0.1060
952,0.1285
953,0.1255
954,0.1253
955,0.1005
956,0.1053
957,0.0737
958,0.0781
959,0.1228
960,0.1097
961,0.1520
962,0.0963
963,0.1206
964,0.1280
965,0.1228
966,0.1531
967,0.1225
968,0.1033
969,0.1367
970,0.0790
971,0.0797
972,0.1280
973,0.1184
974,0.0998
975,0.0803
976,0.0782
977,0.0843
978,0.0781
979,0.1025
980,0.1194
981,0.1397
982,0.1042
983,0.0776
984,0.1273
985,0.0798
986,0.1158
987,0.1370
988,0.1671
989,0.1075
990,0.0983
991,0.1169
992,0.1119
993,0.1552
994,0.1527
995,0.1389
996,0.1631
997,0.1553
998,0.1431
999,0.1582
1000,0.1418
