1,0.0257
2,0.0517
3,0.0446
4,0.0460
5,0.0251
6,0.0246
7,0.0280
8,0.0291
9,0.0323
10,0.0254
11,0.0257
12,0.0517
13,0.0446
14,0.0460
15,0.0459
16,0.0480
17,0.0505
18,0.0282
19,0.0227
20,0.0392
21,0.0539
22,0.0447
23,0.0426
24,0.0463
25,0.0425
26,0.0523
27,0.0452
28,0.0261
29,0.0265
30,0.0512
31,0.0507
32,0.0221
33,0.0239
34,0.0254
35,0.0487
36,0.0533
37,0.0522
38,0.0470
39,0.0649
40,0.0655
41,0.0524
42,0.0508
43,0.0457
44,0.0584
45,0.0269
46,0.0263
47,0.0264
48,0.0230
49,0.0298
50,0.0295
51,0.0244
52,0.0534
53,0.0410
54,0.0199
55,0.0271
56,0.0294
57,0.0288
58,0.0263
59,0.0416
60,0.0534
61,0.0272
62,0.0476
63,0.0626
64,0.0457
65,0.0272
66,0.0274
67,0.0486
68,0.0465
69,0.0253
70,0.0214
71,0.0254
72,0.0254
73,0.0264
74,0.0259
75,0.0278
76,0.0492
77,0.0284
78,0.0232
79,0.0464
80,0.0420
81,0.0434
82,0.0452
83,0.0410
84,0.0287
85,0.0262
86,0.0487
87,0.0410
88,0.0667
89,0.0454
90,0.0551
91,0.0222
92,0.0232
93,0.0482
94,0.0419
95,0.0453
96,0.0246
97,0.0246
98,0.0532
99,0.0275
100,0.0525
101,0.0293
102,0.0207
103,0.0321
104,0.0446
105,0.0483
106,0.0485
107,0.0299
108,0.0292
109,0.0243
110,0.0425
111,0.0275
112,0.0488
113,0.0524
114,0.0431
115,0.0243
116,0.0261
117,0.0522
118,0.0268
119,0.0459
120,0.0257
121,0.0441
122,0.0501
123,0.0441
124,0.0533
125,0.0492
126,0.0480
127,0.0555
128,0.0504
129,0.0293
130,0.0481
131,0.0530
132,0.0526
133,0.0424
134,0.0296
135,0.0239
136,0.0332
137,0.0253
138,0.0235
139,0.0265
140,0.0287
141,0.0265
142,0.0273
143,0.0326
144,0.0243
145,0.0280
146,0.0256
147,0.0286
148,0.0278
149,0.0271
150,0.0278
151,0.0361
152,0.0324
153,0.0538
154,0.0388
155,0.0542
156,0.0518
157,0.0521
158,0.0438
159,0.0516
160,0.0541
161,0.0455
162,0.0442
163,0.0538
164,0.0287
165,0.0270
166,0.0225
167,0.0256
168,0.0455
169,0.0566
170,0.0305
171,0.0541
172,0.0473
173,0.0267
174,0.0513
175,0.0438
176,0.0548
177,0.0580
178,0.0575
179,0.0521
180,0.0477
181,0.0389
182,0.0542
183,0.0532
184,0.0293
185,0.0450
186,0.0452
187,0.0306
188,0.0240
189,0.0474
190,0.0298
191,0.0522
192,0.0475
193,0.0492
194,0.0458
195,0.0677
196,0.0526
197,0.0517
198,0.0618
199,0.0554
200,0.0551
201,0.0272
202,0.0232
203,0.0241
204,0.0244
205,0.0249
206,0.0296
207,0.0244
208,0.0472
209,0.0414
210,0.0468
211,0.0457
212,0.0450
213,0.0232
214,0.0264
215,0.0239
216,0.0245
217,0.0304
218,0.0240
219,0.0278
220,0.0236
221,0.0408
222,0.0439
223,0.0437
224,0.0249
225,0.0226
226,0.0222
227,0.0247
228,0.0222
229,0.0484
230,0.0497
231,0.0414
232,0.0489
233,0.0417
234,0.0563
235,0.0251
236,0.0466
237,0.0293
238,0.0211
239,0.0475
240,0.0434
241,0.0498
242,0.0490
243,0.0257
244,0.0241
245,0.0258
246,0.0246
247,0.0298
248,0.0251
249,0.0509
250,0.0472
251,0.0418
252,0.0525
253,0.0206
254,0.0390
255,0.0504
256,0.0500
257,0.0276
258,0.0251
259,0.0234
260,0.0266
261,0.0302
262,0.0264
263,0.0284
264,0.0459
265,0.0440
266,0.0539
267,0.0463
268,0.0417
269,0.0278
270,0.0255
271,0.0484
272,0.0482
273,0.0564
274,0.0457
275,0.0359
276,0.0532
277,0.0516
278,0.0560
279,0.0484
280,0.0249
281,0.0256
282,0.0257
283,0.0347
284,0.0284
285,0.0549
286,0.0530
287,0.0497
288,0.0537
289,0.0485
290,0.0532
291,0.0459
292,0.0524
293,0.0423
294,0.0482
295,0.0291
296,0.0476
297,0.0488
298,0.0434
299,0.0520
300,0.0503
301,0.0463
302,0.0392
303,0.0408
304,0.0412
305,0.0428
306,0.0533
307,0.0280
308,0.0271
309,0.0286
310,0.0466
311,0.0446
312,0.0477
313,0.0416
314,0.0425
315,0.0488
316,0.0542
317,0.0445
318,0.0308
319,0.0227
320,0.0453
321,0.0209
322,0.0468
323,0.0204
324,0.0227
325,0.0308
326,0.0481
327,0.0436
328,0.0444
329,0.0321
330,0.0453
331,0.0440
332,0.0515
333,0.0229
334,0.0504
335,0.0301
336,0.0275
337,0.0277
338,0.0237
339,0.0240
340,0.0268
341,0.0270
342,0.0271
343,0.0274
344,0.0294
345,0.0522
346,0.0443
347,0.0468
348,0.0468
349,0.0450
350,0.0498
351,0.0412
352,0.0476
353,0.0504
354,0.0495
355,0.0682
356,0.0382
357,0.0603
358,0.0566
359,0.0531
360,0.0536
361,0.0310
362,0.0264
363,0.0301
364,0.0306
365,0.0555
366,0.0427
367,0.0282
368,0.0257
369,0.0269
370,0.0649
371,0.0523
372,0.0439
373,0.0294
374,0.0475
375,0.0511
376,0.0218
377,0.0263
378,0.0269
379,0.0438
380,0.0439
381,0.0228
382,0.0257
383,0.0291
384,0.0258
385,0.0428
386,0.0317
387,0.0638
388,0.0465
389,0.0516
390,0.0500
391,0.0485
392,0.0285
393,0.0480
394,0.0463
395,0.0454
396,0.0617
397,0.0560
398,0.0561
399,0.0538
400,0.0277
401,0.0282
402,0.0452
403,0.0434
404,0.0449
405,0.0438
406,0.0443
407,0.0508
408,0.0495
409,0.0565
410,0.0279
411,0.0259
412,0.0253
413,0.0298
414,0.0529
415,0.0518
416,0.0306
417,0.0553
418,0.0509
419,0.0489
420,0.0491
421,0.0273
422,0.0649
423,0.0276
424,0.0430
425,0.0473
426,0.0457
427,0.0373
428,0.0282
429,0.0485
430,0.0489
431,0.0280
432,0.0273
433,0.0475
434,0.0309
435,0.0501
436,0.0466
437,0.0436
438,0.0261
439,0.0544
440,0.0484
441,0.0250
442,0.0262
443,0.0416
444,0.0297
445,0.0231
446,0.0564
447,0.0458
448,0.0445
449,0.0523
450,0.0516
451,0.0275
452,0.0295
453,0.0309
454,0.0510
455,0.0463
456,0.0456
457,0.0476
458,0.0469
459,0.0411
460,0.0424
461,0.0443
462,0.0474
463,0.0450
464,0.0484
465,0.0651
466,0.0468
467,0.0548
468,0.0447
469,0.0238
470,0.0617
471,0.0227
472,0.0525
473,0.0296
474,0.0519
475,0.0527
476,0.0321
477,0.0232
478,0.0242
479,0.0506
480,0.0251
481,0.0279
482,0.0455
483,0.0224
484,0.0592
485,0.0451
486,0.0501
487,0.0598
488,0.0580
489,0.0447
490,0.0519
491,0.0272
492,0.0263
493,0.0273
494,0.0562
495,0.0493
496,0.0245
497,0.0329
498,0.0295
499,0.0266
500,0.0271
501,0.0501
502,0.0473
503,0.0542
504,0.0475
505,0.0561
506,0.0495
507,0.0533
508,0.0542
509,0.0297
510,0.0324
511,0.0465
512,0.0499
513,0.0478
514,0.0472
515,0.0230
516,0.0310
517,0.0266
518,0.0269
519,0.0258
520,0.0248
521,0.0455
522,0.0420
523,0.0432
524,0.0265
525,0.0343
526,0.0281
527,0.0582
528,0.0563
529,0.0271
530,0.0277
531,0.0228
532,0.0575
533,0.0634
534,0.0437
535,0.0415
536,0.0510
537,0.0542
538,0.0520
539,0.0649
540,0.0292
541,0.0460
542,0.0193
543,0.0228
544,0.0483
545,0.0544
546,0.0485
547,0.0496
548,0.0221
549,0.0402
550,0.0414
551,0.0369
552,0.0276
553,0.0284
554,0.0542
555,0.0479
556,0.0438
557,0.0489
558,0.0453
559,0.0501
560,0.0243
561,0.0440
562,0.0536
563,0.0516
564,0.0536
565,0.0233
566,0.0396
567,0.0545
568,0.0280
569,0.0526
570,0.0532
571,0.0465
572,0.0437
573,0.0517
574,0.0265
575,0.0499
576,0.0508
577,0.0248
578,0.0256
579,0.0263
580,0.0277
581,0.0576
582,0.0562
583,0.0511
584,0.0510
585,0.0568
586,0.0449
587,0.0466
588,0.0408
589,0.0392
590,0.0474
591,0.0440
592,0.0452
593,0.0488
594,0.0547
595,0.0502
596,0.0267
597,0.0472
598,0.0262
599,0.0279
600,0.0226
601,0.0274
602,0.0242
603,0.0470
604,0.0519
605,0.0428
606,0.0447
607,0.0437
608,0.0535
609,0.0405
610,0.0507
611,0.0452
612,0.0488
613,0.0510
614,0.0450
615,0.0460
616,0.0479
617,0.0432
618,0.0211
619,0.0249
620,0.0239
621,0.0220
622,0.0213
623,0.0243
624,0.0524
625,0.0461
626,0.0482
627,0.0417
628,0.0274
629,0.0230
630,0.0475
631,0.0207
632,0.0390
633,0.0405
634,0.0228
635,0.0537
636,0.0527
637,0.0496
638,0.0527
639,0.0243
640,0.0501
641,0.0455
642,0.0266
643,0.0486
644,0.0235
645,0.0240
646,0.0366
647,0.0238
648,0.0448
649,0.0588
650,0.0256
651,0.0257
652,0.0518
653,0.0549
654,0.0526
655,0.0255
656,0.0316
657,0.0246
658,0.0246
659,0.0243
660,0.0254
661,0.0508
662,0.0223
663,0.0226
664,0.0485
665,0.0527
666,0.0463
667,0.0522
668,0.0535
669,0.0463
670,0.0458
671,0.0502
672,0.0507
673,0.0470
674,0.0554
675,0.0495
676,0.0526
677,0.0519
678,0.0250
679,0.0290
680,0.0219
681,0.0323
682,0.0474
683,0.0254
684,0.0248
685,0.0446
686,0.0402
687,0.0233
688,0.0408
689,0.0506
690,0.0578
691,0.0260
692,0.0473
693,0.0292
694,0.0261
695,0.0485
696,0.0249
697,0.0304
698,0.0489
699,0.0278
700,0.0541
701,0.0570
702,0.0608
703,0.0471
704,0.0483
705,0.0342
706,0.0501
707,0.0535
708,0.0545
709,0.0498
710,0.0519
711,0.0281
712,0.0310
713,0.0755
714,0.0288
715,0.0567
716,0.0486
717,0.0514
718,0.0563
719,0.0388
720,0.0211
721,0.0248
722,0.0270
723,0.0258
724,0.0303
725,0.0302
726,0.0251
727,0.0250
728,0.0355
729,0.0266
730,0.0259
731,0.0234
732,0.0300
733,0.0261
734,0.0243
735,0.0285
736,0.0248
737,0.0240
738,0.0234
739,0.0336
740,0.0287
741,0.0276
742,0.0258
743,0.0387
744,0.0279
745,0.0319
746,0.0245
747,0.0304
748,0.0284
749,0.0213
750,0.0233
751,0.0260
752,0.0232
753,0.0250
754,0.0278
755,0.0271
756,0.0224
757,0.0258
758,0.0316
759,0.0280
760,0.0291
761,0.0276
762,0.0248
763,0.0225
764,0.0241
765,0.0262
766,0.0285
767,0.0271
768,0.0345
769,0.0368
770,0.0311
771,0.0306
772,0.0290
773,0.0268
774,0.0275
775,0.0307
776,0.0257
777,0.0353
778,0.0291
779,0.0254
780,0.0249
781,0.0225
782,0.0281
783,0.0360
784,0.0306
785,0.0317
786,0.0250
787,0.0287
788,0.0317
789,0.0289
790,0.0278
791,0.0284
792,0.0264
793,0.0267
794,0.0253
795,0.0261
796,0.0292
797,0.0295
798,0.0258
799,0.0240
800,0.0250
801,0.0240
802,0.0255
803,0.0334
804,0.0239
805,0.0265
806,0.0291
807,0.0260
808,0.0298
809,0.0274
810,0.0235
811,0.0244
812,0.0240
813,0.0221
814,0.0198
815,0.0250
816,0.0352
817,0.0249
818,0.0256
819,0.0309
820,0.0280
821,0.0293
822,0.0316
823,0.0243
824,0.0257
825,0.0290
826,0.0330
827,0.0232
828,0.0267
829,0.0250
830,0.0248
831,0.0281
832,0.0268
833,0.0227
834,0.0289
835,0.0248
836,0.0298
837,0.0272
838,0.0257
839,0.0239
840,0.0258
841,0.0281
842,0.0288
843,0.0236
844,0.0248
845,0.0285
846,0.0305
847,0.0225
848,0.0284
849,0.0283
850,0.0276
851,0.0321
852,0.0266
853,0.0318
854,0.0251
855,0.0251
856,0.0271
857,0.0241
858,0.0314
859,0.0224
860,0.0393
861,0.0286
862,0.0275
863,0.0310
864,0.0259
865,0.0210
866,0.0280
867,0.0260
868,0.0206
869,0.0221
870,0.0247
871,0.0278
872,0.0263
873,0.0287
874,0.0282
875,0.0283
876,0.0237
877,0.0255
878,0.0256
879,0.0259
880,0.0282
881,0.0310
882,0.0276
883,0.0283
884,0.0292
885,0.0279
886,0.0275
887,0.0256
888,0.0293
889,0.0222
890,0.0231
891,0.0300
892,0.0386
893,0.0309
894,0.0311
895,0.0227
896,0.0251
897,0.0264
898,0.0226
899,0.0264
900,0.0294
901,0.0302
902,0.0304
903,0.0321
904,0.0295
905,0.0268
906,0.0256
907,0.0287
908,0.0205
909,0.0262
910,0.0295
911,0.0263
912,0.0347
913,0.0248
914,0.0233
915,0.0230
916,0.0264
917,0.0248
918,0.0346
919,0.0245
920,0.0315
921,0.0263
922,0.0244
923,0.0298
924,0.0266
925,0.0282
926,0.0256
927,0.0218
928,0.0240
929,0.0220
930,0.0351
931,0.0229
932,0.0364
933,0.0275
934,0.0300
935,0.0222
936,0.0274
937,0.0280
938,0.0282
939,0.0316
940,0.0325
941,0.0301
942,0.0300
943,0.0243
944,0.0273
945,0.0218
946,0.0272
947,0.0212
948,0.0266
949,0.0348
950,0.0241
951,0.0293
952,0.0309
953,0.0242
954,0.0292
955,0.0296
956,0.0298
957,0.0250
958,0.0280
959,0.0229
960,0.0285
961,0.0219
962,0.0305
963,0.0267
964,0.0259
965,0.0327
966,0.0268
967,0.0248
968,0.0229
969,0.0268
970,0.0380
971,0.0297
972,0.0302
973,0.0318
974,0.0268
975,0.0276
976,0.0312
977,0.0300
978,0.0274
979,0.0257
980,0.0274
981,0.0258
982,0.0270
983,0.0263
984,0.0309
985,0.0212
986,0.0319
987,0.0266
988,0.0295
989,0.0276
990,0.0243
991,0.0229
992,0.0251
993,0.0246
994,0.0325
995,0.0344
996,0.0228
997,0.0240
998,0.0235
999,0.0256
1000,0.0263