1,0.0259
2,0.0291
3,0.0278
4,0.0259
5,0.0284
6,0.0268
7,0.0284
8,0.0275
9,0.0284
10,0.0301
11,0.0250
12,0.0302
13,0.0272
14,0.0262
15,0.0277
16,0.0216
17,0.0280
18,0.0288
19,0.0346
20,0.0291
21,0.0298
22,0.0306
23,0.0261
24,0.0304
25,0.0304
26,0.0259
27,0.0257
28,0.0291
29,0.0280
30,0.0257
31,0.0256
32,0.0242
33,0.0232
34,0.0318
35,0.0296
36,0.0245
37,0.0280
38,0.0336
39,0.0241
40,0.0285
41,0.0300
42,0.0437
43,0.0310
44,0.0246
45,0.0405
46,0.0292
47,0.0321
48,0.0313
49,0.0246
50,0.0335
51,0.0286
52,0.0305
53,0.0276
54,0.0289
55,0.0313
56,0.0282
57,0.0284
58,0.0254
59,0.0275
60,0.0242
61,0.0295
62,0.0272
63,0.0311
64,0.0313
65,0.0300
66,0.0274
67,0.0240
68,0.0294
69,0.0290
70,0.0297
71,0.0276
72,0.0299
73,0.0264
74,0.0275
75,0.0339
76,0.0249
77,0.0288
78,0.0221
79,0.0316
80,0.0271
81,0.0253
82,0.0314
83,0.0290
84,0.0235
85,0.0276
86,0.0235
87,0.0289
88,0.0255
89,0.0245
90,0.0239
91,0.0267
92,0.0291
93,0.0245
94,0.0273
95,0.0224
96,0.0222
97,0.0272
98,0.0291
99,0.0312
100,0.0300
101,0.0236
102,0.0304
103,0.0270
104,0.0307
105,0.0311
106,0.0272
107,0.0297
108,0.0281
109,0.0281
110,0.0241
111,0.0324
112,0.0264
113,0.0412
114,0.0358
115,0.0295
116,0.0344
117,0.0320
118,0.0305
119,0.0273
120,0.0281
121,0.0319
122,0.0322
123,0.0334
124,0.0322
125,0.0217
126,0.0246
127,0.0314
128,0.0319
129,0.0328
130,0.0305
131,0.0284
132,0.0298
133,0.0248
134,0.0243
135,0.0259
136,0.0273
137,0.0255
138,0.0309
139,0.0293
140,0.0275
141,0.0346
142,0.0299
143,0.0323
144,0.0288
145,0.0295
146,0.0297
147,0.0285
148,0.0311
149,0.0231
150,0.0274
151,0.0281
152,0.0342
153,0.0283
154,0.0253
155,0.0238
156,0.0282
157,0.0272
158,0.0265
159,0.0324
160,0.0250
161,0.0228
162,0.0282
163,0.0241
164,0.0296
165,0.0258
166,0.0295
167,0.0250
168,0.0292
169,0.0239
170,0.0273
171,0.0239
172,0.0243
173,0.0291
174,0.0274
175,0.0258
176,0.0234
177,0.0259
178,0.0234
179,0.0251
180,0.0274
181,0.0299
182,0.0239
183,0.0314
184,0.0307
185,0.0260
186,0.0301
187,0.0246
188,0.0319
189,0.0261
190,0.0281
191,0.0285
192,0.0311
193,0.0287
194,0.0292
195,0.0249
196,0.0220
197,0.0223
198,0.0270
199,0.0220
200,0.0269
201,0.0262
202,0.0237
203,0.0298
204,0.0257
205,0.0319
206,0.0289
207,0.0262
208,0.0270
209,0.0263
210,0.0266
211,0.0308
212,0.0252
213,0.0297
214,0.0314
215,0.0236
216,0.0219
217,0.0302
218,0.0272
219,0.0233
220,0.0251
221,0.0277
222,0.0269
223,0.0272
224,0.0336
225,0.0299
226,0.0275
227,0.0225
228,0.0242
229,0.0311
230,0.0246
231,0.0252
232,0.0322
233,0.0290
234,0.0238
235,0.0252
236,0.0287
237,0.0261
238,0.0243
239,0.0259
240,0.0228
241,0.0281
242,0.0270
243,0.0252
244,0.0252
245,0.0275
246,0.0449
247,0.0286
248,0.0234
249,0.0237
250,0.0253
251,0.0259
252,0.0249
253,0.0422
254,0.0263
255,0.0272
256,0.0245
257,0.0265
258,0.0251
259,0.0246
260,0.0277
261,0.0296
262,0.0296
263,0.0360
264,0.0293
265,0.0276
266,0.0277
267,0.0271
268,0.0231
269,0.0253
270,0.0240
271,0.0273
272,0.0267
273,0.0266
274,0.0241
275,0.0292
276,0.0293
277,0.0225
278,0.0274
279,0.0244
280,0.0274
281,0.0258
282,0.0281
283,0.0391
284,0.0269
285,0.0260
286,0.0292
287,0.0278
288,0.0257
289,0.0298
290,0.0336
291,0.0253
292,0.0235
293,0.0317
294,0.0286
295,0.0277
296,0.0300
297,0.0258
298,0.0257
299,0.0268
300,0.0251
301,0.0295
302,0.0277
303,0.0286
304,0.0283
305,0.0251
306,0.0241
307,0.0255
308,0.0270
309,0.0276
310,0.0279
311,0.0269
312,0.0259
313,0.0355
314,0.0219
315,0.0219
316,0.0281
317,0.0266
318,0.0277
319,0.0244
320,0.0262
321,0.1320
322,0.0285
323,0.0257
324,0.0258
325,0.0316
326,0.0271
327,0.0231
328,0.0279
329,0.0294
330,0.0277
331,0.1278
332,0.0269
333,0.0314
334,0.0256
335,0.0278
336,0.0244
337,0.0254
338,0.0227
339,0.0272
340,0.0298
341,0.0399
342,0.0262
343,0.0244
344,0.0260
345,0.0248
346,0.0265
347,0.0273
348,0.0279
349,0.0321
350,0.0292
351,0.0250
352,0.0241
353,0.0316
354,0.0251
355,0.0293
356,0.0276
357,0.0259
358,0.0307
359,0.0283
360,0.0322
361,0.0242
362,0.0263
363,0.0233
364,0.0288
365,0.0289
366,0.0245
367,0.0272
368,0.0252
369,0.0290
370,0.0300
371,0.0241
372,0.0264
373,0.0310
374,0.0251
375,0.0269
376,0.0309
377,0.0256
378,0.0231
379,0.0263
380,0.0249
381,0.0260
382,0.0338
383,0.0281
384,0.0219
385,0.0271
386,0.0285
387,0.0249
388,0.0271
389,0.0276
390,0.0244
391,0.0295
392,0.0261
393,0.0260
394,0.0282
395,0.0251
396,0.0274
397,0.0256
398,0.0285
399,0.0260
400,0.0262
401,0.0266
402,0.0322
403,0.0251
404,0.0266
405,0.0301
406,0.0288
407,0.0291
408,0.0291
409,0.0260
410,0.0335
411,0.0259
412,0.0310
413,0.0273
414,0.0270
415,0.0273
416,0.0301
417,0.0299
418,0.0260
419,0.0261
420,0.0267
421,0.0306
422,0.0310
423,0.0231
424,0.0260
425,0.0310
426,0.0267
427,0.0229
428,0.1308
429,0.0275
430,0.0252
431,0.0241
432,0.0317
433,0.0257
434,0.0250
435,0.0268
436,0.0287
437,0.0240
438,0.0300
439,0.0315
440,0.0326
441,0.0282
442,0.0279
443,0.0289
444,0.0324
445,0.0303
446,0.0268
447,0.0223
448,0.0256
449,0.0221
450,0.0288
451,0.0328
452,0.0311
453,0.0329
454,0.0286
455,0.0338
456,0.0261
457,0.0265
458,0.0281
459,0.0256
460,0.0334
461,0.0288
462,0.0264
463,0.0261
464,0.0315
465,0.0253
466,0.0301
467,0.0235
468,0.0287
469,0.0290
470,0.0285
471,0.0321
472,0.0260
473,0.0328
474,0.0297
475,0.0298
476,0.0297
477,0.0268
478,0.0316
479,0.0267
480,0.0271
481,0.1280
482,0.0317
483,0.0266
484,0.0302
485,0.0238
486,0.0278
487,0.0320
488,0.0265
489,0.0305
490,0.0253
491,0.0281
492,0.0255
493,0.0218
494,0.0256
495,0.0234
496,0.0266
497,0.0264
498,0.0263
499,0.0242
500,0.0265
501,0.0304
502,0.0295
503,0.0292
504,0.0252
505,0.0300
506,0.0257
507,0.0302
508,0.0297
509,0.0265
510,0.0250
511,0.0250
512,0.0268
513,0.0253
514,0.0248
515,0.0235
516,0.0233
517,0.0288
518,0.0294
519,0.0270
520,0.0237
521,0.0418
522,0.0276
523,0.0284
524,0.0285
525,0.0243
526,0.0234
527,0.0227
528,0.0290
529,0.0266
530,0.0298
531,0.0297
532,0.0301
533,0.0290
534,0.0291
535,0.0303
536,0.0275
537,0.0284
538,0.0233
539,0.0220
540,0.0270
541,0.0312
542,0.0245
543,0.0287
544,0.0283
545,0.0225
546,0.0290
547,0.0250
548,0.0291
549,0.0294
550,0.0257
551,0.0297
552,0.0271
553,0.0262
554,0.0312
555,0.0268
556,0.0306
557,0.0293
558,0.0331
559,0.0354
560,0.0312
561,0.0288
562,0.0236
563,0.0290
564,0.0284
565,0.0297
566,0.0300
567,0.0272
568,0.0255
569,0.0284
570,0.0288
571,0.0311
572,0.0253
573,0.0241
574,0.0314
575,0.0255
576,0.0274
577,0.0263
578,0.0297
579,0.0263
580,0.0353
581,0.0296
582,0.0266
583,0.0265
584,0.0295
585,0.0288
586,0.0282
587,0.0267
588,0.0245
589,0.0222
590,0.0268
591,0.0240
592,0.0244
593,0.0286
594,0.0226
595,0.0286
596,0.0230
597,0.0239
598,0.0266
599,0.0293
600,0.0246
601,0.0325
602,0.0294
603,0.0265
604,0.0298
605,0.0253
606,0.0215
607,0.0247
608,0.0287
609,0.0275
610,0.0217
611,0.0315
612,0.0272
613,0.0327
614,0.0335
615,0.0269
616,0.0255
617,0.0295
618,0.0285
619,0.0276
620,0.0277
621,0.0267
622,0.0307
623,0.0254
624,0.0311
625,0.0271
626,0.0287
627,0.0297
628,0.0248
629,0.0287
630,0.0259
631,0.1305
632,0.0246
633,0.0296
634,0.0266
635,0.0264
636,0.0240
637,0.0275
638,0.0290
639,0.0376
640,0.0267
641,0.0384
642,0.0261
643,0.0228
644,0.0271
645,0.0256
646,0.0244
647,0.0247
648,0.0261
649,0.0248
650,0.0239
651,0.0272
652,0.0289
653,0.0276
654,0.0299
655,0.0239
656,0.0293
657,0.0254
658,0.0262
659,0.0304
660,0.0274
661,0.0272
662,0.0281
663,0.0238
664,0.0285
665,0.0253
666,0.0266
667,0.0293
668,0.0239
669,0.0305
670,0.0314
671,0.0277
672,0.0246
673,0.0266
674,0.0247
675,0.0244
676,0.0296
677,0.0291
678,0.0256
679,0.0288
680,0.0252
681,0.0262
682,0.0264
683,0.0303
684,0.0310
685,0.0337
686,0.0237
687,0.0258
688,0.0271
689,0.0421
690,0.0385
691,0.0280
692,0.0254
693,0.0229
694,0.0269
695,0.0300
696,0.0271
697,0.0295
698,0.0291
699,0.0255
700,0.0279
701,0.0303
702,0.0256
703,0.0276
704,0.0272
705,0.0242
706,0.0263
707,0.0256
708,0.0259
709,0.0219
710,0.0266
711,0.0248
712,0.0217
713,0.0299
714,0.0256
715,0.0283
716,0.0298
717,0.0275
718,0.0278
719,0.0233
720,0.0290
721,0.0301
722,0.0280
723,0.0349
724,0.0259
725,0.0285
726,0.0280
727,0.0286
728,0.0255
729,0.0204
730,0.0278
731,0.0240
732,0.0221
733,0.0245
734,0.0282
735,0.0239
736,0.0223
737,0.0325
738,0.0237
739,0.0286
740,0.0278
741,0.0328
742,0.0312
743,0.0250
744,0.0277
745,0.0235
746,0.0225
747,0.0288
748,0.0267
749,0.0261
750,0.0257
751,0.0258
752,0.0285
753,0.0322
754,0.0285
755,0.0262
756,0.0275
757,0.0321
758,0.0309
759,0.0302
760,0.0287
761,0.0253
762,0.0290
763,0.0213
764,0.0291
765,0.0339
766,0.0257
767,0.0253
768,0.0295
769,0.0357
770,0.0372
771,0.0307
772,0.0304
773,0.0278
774,0.0238
775,0.0297
776,0.0320
777,0.0272
778,0.0289
779,0.0299
780,0.0349
781,0.0262
782,0.0265
783,0.0299
784,0.0269
785,0.0288
786,0.0290
787,0.0289
788,0.0266
789,0.0374
790,0.0234
791,0.0269
792,0.0299
793,0.0219
794,0.0252
795,0.0304
796,0.0263
797,0.0221
798,0.0286
799,0.0261
800,0.0276
801,0.0297
802,0.0272
803,0.0306
804,0.0328
805,0.0253
806,0.0296
807,0.0268
808,0.0301
809,0.0328
810,0.0292
811,0.0227
812,0.0252
813,0.0293
814,0.0303
815,0.0271
816,0.0318
817,0.0211
818,0.0250
819,0.0299
820,0.0254
821,0.0235
822,0.0287
823,0.0215
824,0.0252
825,0.0252
826,0.0264
827,0.0233
828,0.0274
829,0.0330
830,0.0221
831,0.0253
832,0.0250
833,0.0280
834,0.0295
835,0.0294
836,0.0303
837,0.0350
838,0.0261
839,0.0348
840,0.0282
841,0.0266
842,0.0255
843,0.0288
844,0.0301
845,0.0231
846,0.0257
847,0.0276
848,0.0257
849,0.0274
850,0.0263
851,0.0238
852,0.0263
853,0.0235
854,0.0256
855,0.0300
856,0.0238
857,0.0289
858,0.0234
859,0.0308
860,0.0269
861,0.0233
862,0.0241
863,0.0237
864,0.0271
865,0.0266
866,0.0262
867,0.0426
868,0.0220
869,0.0315
870,0.0274
871,0.0267
872,0.0268
873,0.0221
874,0.0233
875,0.0285
876,0.0240
877,0.0253
878,0.0238
879,0.0260
880,0.0295
881,0.0234
882,0.0279
883,0.0262
884,0.0287
885,0.0235
886,0.0283
887,0.0252
888,0.0252
889,0.0304
890,0.0287
891,0.0293
892,0.0247
893,0.0274
894,0.0256
895,0.0260
896,0.0276
897,0.0274
898,0.0279
899,0.0295
900,0.0216
901,0.0277
902,0.0288
903,0.0249
904,0.0294
905,0.0240
906,0.0227
907,0.0227
908,0.0274
909,0.0272
910,0.0277
911,0.0291
912,0.0310
913,0.0241
914,0.0320
915,0.0303
916,0.0270
917,0.0258
918,0.0225
919,0.0272
920,0.0256
921,0.0305
922,0.0338
923,0.0256
924,0.0269
925,0.0264
926,0.0297
927,0.0316
928,0.0356
929,0.0305
930,0.0268
931,0.0257
932,0.0313
933,0.0249
934,0.0256
935,0.0243
936,0.0280
937,0.0431
938,0.0245
939,0.0272
940,0.0265
941,0.0245
942,0.0281
943,0.0233
944,0.0278
945,0.0266
946,0.0255
947,0.0265
948,0.0247
949,0.0287
950,0.0343
951,0.0274
952,0.0249
953,0.0293
954,0.0295
955,0.0266
956,0.0284
957,0.0288
958,0.0290
959,0.0311
960,0.0303
961,0.0303
962,0.0266
963,0.0312
964,0.0270
965,0.0280
966,0.0295
967,0.0268
968,0.0272
969,0.0274
970,0.0346
971,0.0294
972,0.0248
973,0.0295
974,0.0292
975,0.0262
976,0.0273
977,0.0263
978,0.0339
979,0.0263
980,0.0243
981,0.0274
982,0.0308
983,0.0248
984,0.0283
985,0.0244
986,0.0262
987,0.0283
988,0.0369
989,0.0278
990,0.0289
991,0.0254
992,0.0301
993,0.0308
994,0.0278
995,0.0278
996,0.0320
997,0.0261
998,0.0304
999,0.0251
1000,0.0267