1,0.0436
2,0.0290
3,0.0245
4,0.0258
5,0.0402
6,0.0398
7,0.0526
8,0.0487
9,0.0506
10,0.0477
11,0.0436
12,0.0290
13,0.0245
14,0.0258
15,0.0270
16,0.0250
17,0.0288
18,0.0500
19,0.0460
20,0.0226
21,0.0288
22,0.0234
23,0.0253
24,0.0275
25,0.0260
26,0.0317
27,0.0252
28,0.0475
29,0.0489
30,0.0269
31,0.0304
32,0.0463
33,0.0443
34,0.0489
35,0.0247
36,0.0279
37,0.0280
38,0.0268
39,0.0384
40,0.0361
41,0.0320
42,0.0283
43,0.0231
44,0.0332
45,0.0445
46,0.0546
47,0.0417
48,0.0397
49,0.0461
50,0.0414
51,0.0457
52,0.0337
53,0.0238
54,0.0392
55,0.0503
56,0.0483
57,0.0433
58,0.0409
59,0.0224
60,0.0272
61,0.0495
62,0.0291
63,0.0320
64,0.0266
65,0.0455
66,0.0470
67,0.0278
68,0.0248
69,0.0440
70,0.0363
71,0.0436
72,0.0457
73,0.0518
74,0.0540
75,0.0582
76,0.0251
77,0.0549
78,0.0417
79,0.0284
80,0.0218
81,0.0256
82,0.0272
83,0.0239
84,0.0496
85,0.0457
86,0.0250
87,0.0217
88,0.0321
89,0.0249
90,0.0284
91,0.0446
92,0.0447
93,0.0272
94,0.0240
95,0.0260
96,0.0457
97,0.0441
98,0.0360
99,0.0532
100,0.0271
101,0.0526
102,0.0418
103,0.0551
104,0.0235
105,0.0276
106,0.0266
107,0.0564
108,0.0488
109,0.0439
110,0.0238
111,0.0521
112,0.0266
113,0.0294
114,0.0245
115,0.0493
116,0.0512
117,0.0289
118,0.0481
119,0.0254
120,0.0470
121,0.0233
122,0.0273
123,0.0241
124,0.0304
125,0.0290
126,0.0255
127,0.0313
128,0.0274
129,0.0510
130,0.0261
131,0.0284
132,0.0291
133,0.0619
134,0.0341
135,0.0279
136,0.0409
137,0.0485
138,0.0414
139,0.0434
140,0.0507
141,0.0434
142,0.0463
143,0.0521
144,0.0438
145,0.0495
146,0.0448
147,0.0528
148,0.0526
149,0.0511
150,0.0495
151,0.0592
152,0.0459
153,0.0290
154,0.0221
155,0.0289
156,0.0302
157,0.0310
158,0.0256
159,0.0265
160,0.0291
161,0.0259
162,0.0249
163,0.0309
164,0.0469
165,0.0442
166,0.0450
167,0.0461
168,0.0265
169,0.0324
170,0.0552
171,0.0361
172,0.0257
173,0.0524
174,0.0273
175,0.0246
176,0.0293
177,0.0348
178,0.0310
179,0.0284
180,0.0245
181,0.0223
182,0.0297
183,0.0308
184,0.0575
185,0.0232
186,0.0250
187,0.0518
188,0.0450
189,0.0249
190,0.0527
191,0.0275
192,0.0264
193,0.0285
194,0.0267
195,0.0322
196,0.0318
197,0.0274
198,0.0309
199,0.0302
200,0.0311
201,0.0499
202,0.0442
203,0.0484
204,0.0452
205,0.0431
206,0.0490
207,0.0437
208,0.0255
209,0.0232
210,0.0273
211,0.0255
212,0.0279
213,0.0440
214,0.0442
215,0.0467
216,0.0426
217,0.0505
218,0.0407
219,0.0461
220,0.0450
221,0.0218
222,0.0231
223,0.0232
224,0.0418
225,0.0468
226,0.0453
227,0.0441
228,0.0463
229,0.0281
230,0.0283
231,0.0245
232,0.0256
233,0.0238
234,0.0289
235,0.0496
236,0.0230
237,0.0523
238,0.0432
239,0.0260
240,0.0252
241,0.0253
242,0.0261
243,0.0476
244,0.0516
245,0.0476
246,0.0472
247,0.0544
248,0.0428
249,0.0295
250,0.0258
251,0.0244
252,0.0306
253,0.0400
254,0.0602
255,0.0229
256,0.0286
257,0.0530
258,0.0445
259,0.0432
260,0.0482
261,0.0513
262,0.0494
263,0.0458
264,0.0245
265,0.0249
266,0.0290
267,0.0251
268,0.0210
269,0.0508
270,0.0509
271,0.0240
272,0.0271
273,0.0312
274,0.0335
275,0.0624
276,0.0271
277,0.0283
278,0.0270
279,0.0282
280,0.0480
281,0.0515
282,0.0496
283,0.0529
284,0.0530
285,0.0274
286,0.0264
287,0.0274
288,0.0311
289,0.0270
290,0.0318
291,0.0280
292,0.0283
293,0.0230
294,0.0261
295,0.0524
296,0.0265
297,0.0263
298,0.0249
299,0.0299
300,0.0319
301,0.0270
302,0.0266
303,0.0261
304,0.0284
305,0.0325
306,0.0365
307,0.0520
308,0.0519
309,0.0480
310,0.0222
311,0.0266
312,0.0275
313,0.0249
314,0.0257
315,0.0265
316,0.0285
317,0.0280
318,0.0569
319,0.0568
320,0.0263
321,0.0413
322,0.0245
323,0.0428
324,0.0392
325,0.0443
326,0.0255
327,0.0242
328,0.0218
329,0.0528
330,0.0245
331,0.0236
332,0.0249
333,0.0397
334,0.0260
335,0.0524
336,0.0468
337,0.0478
338,0.0455
339,0.0400
340,0.0451
341,0.0459
342,0.0514
343,0.0479
344,0.0537
345,0.0308
346,0.0241
347,0.0243
348,0.0302
349,0.0244
350,0.0272
351,0.0255
352,0.0275
353,0.0295
354,0.0280
355,0.0395
356,0.0690
357,0.0275
358,0.0283
359,0.0267
360,0.0322
361,0.0543
362,0.0467
363,0.0522
364,0.0552
365,0.0280
366,0.0246
367,0.0480
368,0.0476
369,0.0560
370,0.0328
371,0.0283
372,0.0273
373,0.0686
374,0.0251
375,0.0284
376,0.0420
377,0.0503
378,0.0549
379,0.0250
380,0.0253
381,0.0444
382,0.0489
383,0.0558
384,0.0409
385,0.0225
386,0.0559
387,0.0346
388,0.0263
389,0.0273
390,0.0281
391,0.0262
392,0.0506
393,0.0277
394,0.0220
395,0.0277
396,0.0321
397,0.0341
398,0.0314
399,0.0275
400,0.0511
401,0.0507
402,0.0264
403,0.0264
404,0.0237
405,0.0260
406,0.0285
407,0.0333
408,0.0302
409,0.0307
410,0.0499
411,0.0482
412,0.0489
413,0.0495
414,0.0293
415,0.0299
416,0.0551
417,0.0307
418,0.0290
419,0.0262
420,0.0275
421,0.0544
422,0.0373
423,0.0468
424,0.0669
425,0.0262
426,0.0203
427,0.0235
428,0.0474
429,0.0286
430,0.0262
431,0.0545
432,0.0539
433,0.0256
434,0.0607
435,0.0238
436,0.0276
437,0.0250
438,0.0521
439,0.0298
440,0.0271
441,0.0505
442,0.0449
443,0.0235
444,0.0490
445,0.0412
446,0.0331
447,0.0265
448,0.0241
449,0.0258
450,0.0234
451,0.0493
452,0.0500
453,0.0537
454,0.0279
455,0.0259
456,0.0268
457,0.0263
458,0.0260
459,0.0247
460,0.0264
461,0.0294
462,0.0298
463,0.0271
464,0.0282
465,0.0350
466,0.0275
467,0.0288
468,0.0258
469,0.0460
470,0.0305
471,0.0512
472,0.0287
473,0.0481
474,0.0284
475,0.0236
476,0.0538
477,0.0412
478,0.0467
479,0.0214
480,0.0452
481,0.0513
482,0.0241
483,0.0396
484,0.0330
485,0.0277
486,0.0305
487,0.0377
488,0.0316
489,0.0244
490,0.0298
491,0.0443
492,0.0658
493,0.0498
494,0.0305
495,0.0294
496,0.0516
497,0.0503
498,0.0484
499,0.0490
500,0.0476
501,0.0283
502,0.0308
503,0.0317
504,0.0290
505,0.0314
506,0.0245
507,0.0297
508,0.0303
509,0.0484
510,0.0577
511,0.0271
512,0.0265
513,0.0260
514,0.0300
515,0.0489
516,0.0539
517,0.0499
518,0.0443
519,0.0591
520,0.0428
521,0.0255
522,0.0225
523,0.0244
524,0.0468
525,0.0562
526,0.0488
527,0.0320
528,0.0303
529,0.0506
530,0.0509
531,0.0430
532,0.0328
533,0.0298
534,0.0265
535,0.0229
536,0.0297
537,0.0271
538,0.0268
539,0.0372
540,0.0512
541,0.0242
542,0.0369
543,0.0435
544,0.0265
545,0.0284
546,0.0274
547,0.0265
548,0.0422
549,0.0223
550,0.0233
551,0.0581
552,0.0446
553,0.0508
554,0.0308
555,0.0297
556,0.0236
557,0.0256
558,0.0255
559,0.0263
560,0.0451
561,0.0237
562,0.0273
563,0.0296
564,0.0315
565,0.0474
566,0.0213
567,0.0237
568,0.0463
569,0.0316
570,0.0276
571,0.0246
572,0.0246
573,0.0283
574,0.0453
575,0.0236
576,0.0298
577,0.0495
578,0.0373
579,0.0451
580,0.0512
581,0.0321
582,0.0302
583,0.0280
584,0.0267
585,0.0302
586,0.0280
587,0.0251
588,0.0242
589,0.0210
590,0.0256
591,0.0278
592,0.0271
593,0.0233
594,0.0295
595,0.0319
596,0.0510
597,0.0256
598,0.0484
599,0.0502
600,0.0447
601,0.0543
602,0.0466
603,0.0244
604,0.0300
605,0.0265
606,0.0248
607,0.0274
608,0.0277
609,0.0252
610,0.0291
611,0.0244
612,0.0268
613,0.0339
614,0.0260
615,0.0270
616,0.0244
617,0.0236
618,0.0454
619,0.0491
620,0.0353
621,0.0377
622,0.0378
623,0.0420
624,0.0268
625,0.0295
626,0.0254
627,0.0229
628,0.0509
629,0.0487
630,0.0259
631,0.0370
632,0.0234
633,0.0235
634,0.0431
635,0.0246
636,0.0288
637,0.0242
638,0.0262
639,0.0426
640,0.0249
641,0.0245
642,0.0450
643,0.0305
644,0.0428
645,0.0451
646,0.0581
647,0.0448
648,0.0227
649,0.0321
650,0.0474
651,0.0490
652,0.0260
653,0.0317
654,0.0259
655,0.0489
656,0.0575
657,0.0487
658,0.0469
659,0.0496
660,0.0467
661,0.0273
662,0.0417
663,0.0441
664,0.0286
665,0.0284
666,0.0280
667,0.0307
668,0.0254
669,0.0247
670,0.0258
671,0.0309
672,0.0281
673,0.0256
674,0.0302
675,0.0302
676,0.0317
677,0.0343
678,0.0465
679,0.0530
680,0.0452
681,0.0504
682,0.0261
683,0.0527
684,0.0423
685,0.0228
686,0.0215
687,0.0438
688,0.0232
689,0.0276
690,0.0300
691,0.0504
692,0.0261
693,0.0521
694,0.0479
695,0.0250
696,0.0440
697,0.0482
698,0.0270
699,0.0520
700,0.0278
701,0.0281
702,0.0355
703,0.0272
704,0.0290
705,0.0627
706,0.0268
707,0.0336
708,0.0260
709,0.0307
710,0.0274
711,0.0435
712,0.0527
713,0.0433
714,0.0535
715,0.0308
716,0.0265
717,0.0280
718,0.0227
719,0.0212
720,0.0235
721,0.0217
722,0.0213
723,0.0243
724,0.0249
725,0.0259
726,0.0207
727,0.0195
728,0.0286
729,0.0211
730,0.0309
731,0.0236
732,0.0268
733,0.0231
734,0.0219
735,0.0220
736,0.0231
737,0.0204
738,0.0203
739,0.0281
740,0.0245
741,0.0264
742,0.0272
743,0.0331
744,0.0274
745,0.0247
746,0.0249
747,0.0236
748,0.0236
749,0.0256
750,0.0382
751,0.0268
752,0.0257
753,0.0242
754,0.0259
755,0.0212
756,0.0198
757,0.0234
758,0.0269
759,0.0274
760,0.0281
761,0.0227
762,0.0244
763,0.0232
764,0.0222
765,0.0241
766,0.0308
767,0.0225
768,0.0262
769,0.0265
770,0.0240
771,0.0251
772,0.0327
773,0.0238
774,0.0264
775,0.0257
776,0.0224
777,0.0285
778,0.0222
779,0.0272
780,0.0222
781,0.0223
782,0.0257
783,0.0311
784,0.0398
785,0.0280
786,0.0227
787,0.0227
788,0.0229
789,0.0242
790,0.0296
791,0.0271
792,0.0231
793,0.0261
794,0.0217
795,0.0252
796,0.0261
797,0.0246
798,0.0222
799,0.0243
800,0.0280
801,0.0201
802,0.0428
803,0.0263
804,0.0210
805,0.0229
806,0.0234
807,0.0263
808,0.0262
809,0.0211
810,0.0198
811,0.0226
812,0.0202
813,0.0200
814,0.0207
815,0.0266
816,0.0352
817,0.0233
818,0.0221
819,0.0283
820,0.0288
821,0.0256
822,0.0273
823,0.0230
824,0.0247
825,0.0273
826,0.0229
827,0.0200
828,0.0277
829,0.0263
830,0.0211
831,0.0257
832,0.0255
833,0.0219
834,0.0254
835,0.0236
836,0.0324
837,0.0238
838,0.0201
839,0.0269
840,0.0257
841,0.0246
842,0.0221
843,0.0216
844,0.0218
845,0.0241
846,0.0250
847,0.0192
848,0.0251
849,0.0235
850,0.0319
851,0.0263
852,0.0262
853,0.0299
854,0.0249
855,0.0245
856,0.0243
857,0.0240
858,0.0276
859,0.0248
860,0.0479
861,0.0261
862,0.0228
863,0.0230
864,0.0234
865,0.0242
866,0.0277
867,0.0273
868,0.0266
869,0.0274
870,0.0217
871,0.0224
872,0.0233
873,0.0249
874,0.0257
875,0.0266
876,0.0269
877,0.0239
878,0.0222
879,0.0210
880,0.0280
881,0.0241
882,0.0275
883,0.0262
884,0.0270
885,0.0267
886,0.0245
887,0.0219
888,0.0233
889,0.0206
890,0.0214
891,0.0262
892,0.0307
893,0.0237
894,0.0209
895,0.0229
896,0.0207
897,0.0200
898,0.0187
899,0.0237
900,0.0246
901,0.0281
902,0.0291
903,0.0315
904,0.0282
905,0.0215
906,0.0221
907,0.0254
908,0.0196
909,0.0243
910,0.0309
911,0.0210
912,0.0270
913,0.0220
914,0.0220
915,0.0226
916,0.0195
917,0.0206
918,0.0299
919,0.0242
920,0.0207
921,0.0216
922,0.0220
923,0.0249
924,0.0235
925,0.0236
926,0.0188
927,0.0185
928,0.0219
929,0.0205
930,0.0251
931,0.0225
932,0.0272
933,0.0218
934,0.0312
935,0.0228
936,0.0223
937,0.0238
938,0.0230
939,0.0256
940,0.0305
941,0.0263
942,0.0229
943,0.0193
944,0.0250
945,0.0198
946,0.0265
947,0.0192
948,0.0213
949,0.0245
950,0.0275
951,0.0256
952,0.0209
953,0.0205
954,0.0294
955,0.0229
956,0.0273
957,0.0230
958,0.0272
959,0.0207
960,0.0291
961,0.0183
962,0.0294
963,0.0241
964,0.0247
965,0.0265
966,0.0229
967,0.0229
968,0.0212
969,0.0251
970,0.0341
971,0.0264
972,0.0282
973,0.0236
974,0.0228
975,0.0269
976,0.0265
977,0.0287
978,0.0257
979,0.0381
980,0.0248
981,0.0229
982,0.0274
983,0.0272
984,0.0223
985,0.0210
986,0.0271
987,0.0261
988,0.0228
989,0.0245
990,0.0191
991,0.0212
992,0.0216
993,0.0248
994,0.0260
995,0.0269
996,0.0184
997,0.0257
998,0.0212
999,0.0223
1000,0.0259