1,0.0492
2,0.0298
3,0.0441
4,0.0228
5,0.0211
6,0.0198
7,0.0228
8,0.0254
9,0.0240
10,0.0257
11,0.0232
12,0.0250
13,0.0210
14,0.0225
15,0.0249
16,0.0213
17,0.0268
18,0.0216
19,0.0237
20,0.0205
21,0.0215
22,0.0249
23,0.0219
24,0.0284
25,0.0218
26,0.0208
27,0.0219
28,0.0248
29,0.0209
30,0.0209
31,0.0239
32,0.0225
33,0.0186
34,0.0253
35,0.0356
36,0.0343
37,0.0244
38,0.0188
39,0.0240
40,0.0283
41,0.0234
42,0.0192
43,0.0231
44,0.0259
45,0.0232
46,0.0219
47,0.0250
48,0.0218
49,0.0358
50,0.0274
51,0.0225
52,0.0230
53,0.0228
54,0.0268
55,0.0244
56,0.0271
57,0.0222
58,0.0201
59,0.0239
60,0.0248
61,0.0242
62,0.1082
63,0.0261
64,0.0226
65,0.0579
66,0.0255
67,0.0241
68,0.0224
69,0.0286
70,0.0260
71,0.0229
72,0.0271
73,0.0230
74,0.0235
75,0.0283
76,0.0239
77,0.0254
78,0.0203
79,0.0236
80,0.0264
81,0.0225
82,0.0293
83,0.0233
84,0.0172
85,0.0218
86,0.0286
87,0.0221
88,0.0290
89,0.1100
90,0.0246
91,0.1099
92,0.0256
93,0.0196
94,0.0204
95,0.0202
96,0.0240
97,0.0200
98,0.0235
99,0.0255
100,0.0263
101,0.0258
102,0.0229
103,0.0331
104,0.0194
105,0.0241
106,0.0264
107,0.0271
108,0.0251
109,0.0246
110,0.0260
111,0.0232
112,0.0251
113,0.0215
114,0.0295
115,0.0233
116,0.0260
117,0.0245
118,0.0207
119,0.0262
120,0.0245
121,0.0244
122,0.0223
123,0.0271
124,0.0255
125,0.0210
126,0.0208
127,0.0246
128,0.0202
129,0.0191
130,0.0256
131,0.0291
132,0.0260
133,0.0218
134,0.0252
135,0.0250
136,0.0255
137,0.0261
138,0.0211
139,0.0221
140,0.0257
141,0.0221
142,0.0220
143,0.0219
144,0.0181
145,0.0275
146,0.0259
147,0.0223
148,0.0247
149,0.0259
150,0.0214
151,0.0227
152,0.0194
153,0.0228
154,0.0234
155,0.0243
156,0.0328
157,0.0380
158,0.0330
159,0.0345
160,0.0409
161,0.0418
162,0.0404
163,0.0450
164,0.0439
165,0.0607
166,0.0489
167,0.0593
168,0.0461
169,0.0566
170,0.0534
171,0.0454
172,0.0463
173,0.0488
174,0.0482
175,0.0490
176,0.0453
177,0.0467
178,0.0429
179,0.0497
180,0.0488
181,0.0616
182,0.0465
183,0.0238
184,0.0606
185,0.0431
186,0.0276
187,0.0256
188,0.0484
189,0.0270
190,0.0482
191,0.0479
192,0.0261
193,0.0512
194,0.0530
195,0.0280
196,0.0282
197,0.0452
198,0.0262
199,0.0474
200,0.0294
201,0.0498
202,0.0508
203,0.0382
204,0.0495
205,0.0290
206,0.0256
207,0.0456
208,0.0537
209,0.0534
210,0.0533
211,0.0568
212,0.0481
213,0.0530
214,0.0544
215,0.0434
216,0.0518
217,0.0534
218,0.0374
219,0.0528
220,0.0506
221,0.0506
222,0.0528
223,0.0243
224,0.0246
225,0.0259
226,0.0475
227,0.0536
228,0.0488
229,0.0304
230,0.0287
231,0.0285
232,0.0270
233,0.0646
234,0.0284
235,0.0311
236,0.0274
237,0.0537
238,0.0455
239,0.0457
240,0.0449
241,0.0431
242,0.0507
243,0.0300
244,0.0360
245,0.0279
246,0.0484
247,0.0433
248,0.0498
249,0.0293
250,0.0272
251,0.0478
252,0.0259
253,0.0501
254,0.0478
255,0.0510
256,0.0516
257,0.0463
258,0.0469
259,0.0365
260,0.0420
261,0.0511
262,0.0516
263,0.0544
264,0.0602
265,0.0400
266,0.0417
267,0.0472
268,0.0495
269,0.0446
270,0.0435
271,0.0428
272,0.0490
273,0.0533
274,0.0427
275,0.0478
276,0.0492
277,0.0485
278,0.0249
279,0.0286
280,0.0246
281,0.0237
282,0.0437
283,0.0466
284,0.0533
285,0.0281
286,0.0591
287,0.0295
288,0.0310
289,0.0531
290,0.0543
291,0.0502
292,0.0434
293,0.0477
294,0.0560
295,0.0520
296,0.0434
297,0.0423
298,0.0278
299,0.0389
300,0.0555
301,0.0527
302,0.0543
303,0.0459
304,0.0266
305,0.0261
306,0.0317
307,0.0293
308,0.0626
309,0.0336
310,0.0319
311,0.0319
312,0.0266
313,0.0305
314,0.0295
315,0.0504
316,0.0292
317,0.0512
318,0.0472
319,0.0481
320,0.0516
321,0.0539
322,0.0478
323,0.0528
324,0.0414
325,0.0526
326,0.0588
327,0.0404
328,0.0406
329,0.0459
330,0.0490
331,0.0617
332,0.0545
333,0.0504
334,0.0324
335,0.0300
336,0.0265
337,0.0352
338,0.0440
339,0.0482
340,0.0289
341,0.0258
342,0.0271
343,0.0668
344,0.0264
345,0.0292
346,0.0302
347,0.0267
348,0.0470
349,0.0513
350,0.0242
351,0.0293
352,0.0544
353,0.0497
354,0.0545
355,0.0587
356,0.0521
357,0.0582
358,0.0277
359,0.0263
360,0.0283
361,0.0243
362,0.0285
363,0.0514
364,0.0520
365,0.0472
366,0.0524
367,0.0503
368,0.0419
369,0.0404
370,0.0642
371,0.0490
372,0.0436
373,0.0501
374,0.0578
375,0.0513
376,0.0468
377,0.0565
378,0.0524
379,0.0227
380,0.0317
381,0.0242
382,0.0272
383,0.0270
384,0.0656
385,0.0454
386,0.0468
387,0.0261
388,0.0266
389,0.0477
390,0.0489
391,0.0519
392,0.0491
393,0.0542
394,0.0525
395,0.0533
396,0.0574
397,0.0524
398,0.0499
399,0.0243
400,0.0252
401,0.0497
402,0.0483
403,0.0520
404,0.0582
405,0.0462
406,0.0417
407,0.0268
408,0.0272
409,0.0577
410,0.0493
411,0.0249
412,0.0533
413,0.0547
414,0.0416
415,0.0435
416,0.0424
417,0.0457
418,0.0283
419,0.0336
420,0.0536
421,0.0451
422,0.0486
423,0.0453
424,0.0431
425,0.0441
426,0.0455
427,0.0496
428,0.0467
429,0.0579
430,0.0525
431,0.0254
432,0.0220
433,0.0544
434,0.0503
435,0.0243
436,0.0488
437,0.0520
438,0.0441
439,0.0464
440,0.0450
441,0.0357
442,0.0683
443,0.0437
444,0.0518
445,0.0513
446,0.0523
447,0.0279
448,0.0237
449,0.0284
450,0.0279
451,0.0265
452,0.0374
453,0.0320
454,0.0445
455,0.0517
456,0.0365
457,0.0303
458,0.0444
459,0.0499
460,0.0549
461,0.0432
462,0.0351
463,0.0293
464,0.0307
465,0.0484
466,0.0513
467,0.0463
468,0.0457
469,0.0479
470,0.0223
471,0.0266
472,0.0265
473,0.0570
474,0.0383
475,0.0255
476,0.0367
477,0.0559
478,0.0553
479,0.0295
480,0.0283
481,0.0290
482,0.0277
483,0.1305
484,0.0235
485,0.0294
486,0.0565
487,0.0520
488,0.0232
489,0.0484
490,0.0488
491,0.0570
492,0.0515
493,0.0442
494,0.0269
495,0.0300
496,0.0283
497,0.0644
498,0.0461
499,0.0440
500,0.0254
501,0.0427
502,0.0268
503,0.0248
504,0.0552
505,0.0551
506,0.0484
507,0.0519
508,0.0442
509,0.0455
510,0.0281
511,0.0544
512,0.0516
513,0.0531
514,0.0515
515,0.0490
516,0.0441
517,0.0476
518,0.0550
519,0.0548
520,0.0569
521,0.0623
522,0.0502
523,0.0469
524,0.0513
525,0.0488
526,0.0440
527,0.0540
528,0.0281
529,0.0450
530,0.0384
531,0.0490
532,0.0578
533,0.0464
534,0.0471
535,0.0564
536,0.0247
537,0.0303
538,0.0273
539,0.0504
540,0.0458
541,0.0397
542,0.0449
543,0.0264
544,0.0490
545,0.0461
546,0.0475
547,0.0423
548,0.0487
549,0.0459
550,0.0507
551,0.0494
552,0.0512
553,0.0432
554,0.0435
555,0.0466
556,0.0221
557,0.0477
558,0.0292
559,0.0465
560,0.0518
561,0.0412
562,0.0461
563,0.0438
564,0.0443
565,0.0379
566,0.0270
567,0.0296
568,0.0506
569,0.0502
570,0.0551
571,0.0231
572,0.0514
573,0.0210
574,0.0307
575,0.0433
576,0.0564
577,0.0466
578,0.0539
579,0.0536
580,0.0533
581,0.0520
582,0.0471
583,0.0520
584,0.0570
585,0.0428
586,0.0498
587,0.0432
588,0.0494
589,0.0321
590,0.0482
591,0.0453
592,0.0407
593,0.0378
594,0.0451
595,0.0425
596,0.0386
597,0.0502
598,0.0480
599,0.0530
600,0.0576
601,0.0523
602,0.0447
603,0.0483
604,0.0258
605,0.0495
606,0.0506
607,0.0483
608,0.0509
609,0.0416
610,0.0501
611,0.0483
612,0.0445
613,0.0460
614,0.0478
615,0.0253
616,0.0510
617,0.0292
618,0.0464
619,0.0509
620,0.0607
621,0.0279
622,0.0252
623,0.0486
624,0.0525
625,0.0398
626,0.0461
627,0.0501
628,0.0507
629,0.0491
630,0.0463
631,0.0452
632,0.0244
633,0.0261
634,0.0240
635,0.0263
636,0.0343
637,0.0451
638,0.0511
639,0.0445
640,0.0525
641,0.0530
642,0.0557
643,0.0282
644,0.0451
645,0.0477
646,0.0257
647,0.0285
648,0.0303
649,0.0219
650,0.0347
651,0.0359
652,0.0536
653,0.0465
654,0.0296
655,0.0530
656,0.0532
657,0.0356
658,0.0276
659,0.0511
660,0.0446
661,0.0494
662,0.0505
663,0.0485
664,0.0297
665,0.0243
666,0.0267
667,0.0260
668,0.0231
669,0.0528
670,0.0560
671,0.0256
672,0.0325
673,0.0499
674,0.0468
675,0.0459
676,0.0513
677,0.0430
678,0.0447
679,0.0262
680,0.0480
681,0.0230
682,0.0482
683,0.0467
684,0.0479
685,0.0289
686,0.0324
687,0.0260
688,0.0551
689,0.0532
690,0.0603
691,0.0446
692,0.0264
693,0.0288
694,0.0303
695,0.0290
696,0.0503
697,0.0275
698,0.0531
699,0.0527
700,0.0581
701,0.0510
702,0.0481
703,0.0551
704,0.0563
705,0.0523
706,0.0236
707,0.0647
708,0.0257
709,0.0286
710,0.0311
711,0.0271
712,0.0517
713,0.0301
714,0.0542
715,0.0524
716,0.0302
717,0.0283
718,0.0495
719,0.0473
720,0.0276
721,0.0438
722,0.0485
723,0.0284
724,0.0473
725,0.0475
726,0.0562
727,0.0518
728,0.0551
729,0.0538
730,0.0585
731,0.0515
732,0.0431
733,0.0478
734,0.0500
735,0.0574
736,0.0567
737,0.0532
738,0.0529
739,0.0638
740,0.0440
741,0.0413
742,0.0518
743,0.0495
744,0.0478
745,0.0383
746,0.0463
747,0.0511
748,0.0461
749,0.0632
750,0.0533
751,0.0475
752,0.0267
753,0.0272
754,0.0306
755,0.0335
756,0.0285
757,0.0316
758,0.0458
759,0.0515
760,0.0225
761,0.0253
762,0.0529
763,0.0477
764,0.0476
765,0.0440
766,0.0453
767,0.0464
768,0.0536
769,0.0477
770,0.0547
771,0.0484
772,0.0549
773,0.0524
774,0.0513
775,0.0458
776,0.0493
777,0.0254
778,0.0290
779,0.0308
780,0.0528
781,0.0498
782,0.0483
783,0.0401
784,0.0442
785,0.0464
786,0.0375
787,0.0612
788,0.0602
789,0.0544
790,0.0257
791,0.0272
792,0.0304
793,0.0318
794,0.0302
795,0.0313
796,0.0561
797,0.0480
798,0.0501
799,0.0581
800,0.0530
801,0.0510
802,0.0551
803,0.0626
804,0.0318
805,0.0290
806,0.0305
807,0.0293
808,0.0260
809,0.0306
810,0.0537
811,0.0499
812,0.0497
813,0.0289
814,0.0288
815,0.0408
816,0.0296
817,0.0539
818,0.0501
819,0.0325
820,0.0308
821,0.0466
822,0.0506
823,0.0491
824,0.0481
825,0.0393
826,0.0509
827,0.0449
828,0.0487
829,0.0495
830,0.0621
831,0.0486
832,0.0491
833,0.0597
834,0.0547
835,0.0402
836,0.0477
837,0.0411
838,0.0395
839,0.0509
840,0.0530
841,0.0602
842,0.0520
843,0.0489
844,0.0412
845,0.0542
846,0.0536
847,0.0256
848,0.0245
849,0.0287
850,0.0457
851,0.0278
852,0.0326
853,0.0303
854,0.0278
855,0.0567
856,0.0564
857,0.0459
858,0.0484
859,0.0296
860,0.0305
861,0.0600
862,0.0554
863,0.0569
864,0.0550
865,0.0327
866,0.0468
867,0.0556
868,0.0528
869,0.0518
870,0.0281
871,0.0250
872,0.0265
873,0.0290
874,0.0296
875,0.0302
876,0.0263
877,0.0313
878,0.0327
879,0.0570
880,0.0468
881,0.0535
882,0.0559
883,0.0554
884,0.0505
885,0.0537
886,0.0515
887,0.0243
888,0.0465
889,0.0447
890,0.0282
891,0.0244
892,0.0504
893,0.0512
894,0.0513
895,0.0481
896,0.0489
897,0.0543
898,0.0420
899,0.0608
900,0.0493
901,0.0444
902,0.0495
903,0.0473
904,0.0495
905,0.0289
906,0.0505
907,0.0255
908,0.0489
909,0.0563
910,0.0488
911,0.0581
912,0.0540
913,0.0253
914,0.0281
915,0.0399
916,0.0490
917,0.0510
918,0.0282
919,0.0288
920,0.0249
921,0.0298
922,0.0414
923,0.0544
924,0.0572
925,0.0639
926,0.0317
927,0.0270
928,0.0506
929,0.0315
930,0.0309
931,0.0256
932,0.0449
933,0.0468
934,0.0253
935,0.0555
936,0.0510
937,0.0595
938,0.0531
939,0.0482
940,0.0512
941,0.0362
942,0.0386
943,0.0465
944,0.0403
945,0.0448
946,0.0557
947,0.0547
948,0.0516
949,0.0542
950,0.0410
951,0.0574
952,0.0620
953,0.0566
954,0.0243
955,0.0478
956,0.0532
957,0.0504
958,0.0566
959,0.0588
960,0.0580
961,0.0476
962,0.0544
963,0.0577
964,0.0470
965,0.0249
966,0.0503
967,0.0534
968,0.0477
969,0.0512
970,0.0358
971,0.0473
972,0.0472
973,0.0415
974,0.0324
975,0.0282
976,0.0304
977,0.0451
978,0.0514
979,0.0510
980,0.0596
981,0.0492
982,0.0298
983,0.0441
984,0.0228
985,0.0375
986,0.0601
987,0.0286
988,0.0219
989,0.0295
990,0.0657
991,0.0511
992,0.0516
993,0.0295
994,0.0271
995,0.0243
996,0.0315
997,0.0468
998,0.0317
999,0.0250
1000,0.0260