1,0.0717
2,0.0778
3,0.0430
4,0.0432
5,0.0372
6,0.0701
7,0.0682
8,0.0774
9,0.0276
10,0.0844
11,0.0717
12,0.0778
13,0.0430
14,0.0709
15,0.0399
16,0.0658
17,0.0725
18,0.0711
19,0.0289
20,0.0820
21,0.0551
22,0.0459
23,0.0767
24,0.0975
25,0.0754
26,0.0914
27,0.0694
28,0.0349
29,0.0907
30,0.0306
31,0.0583
32,0.0720
33,0.0442
34,0.0544
35,0.0749
36,0.0680
37,0.0514
38,0.0859
39,0.0827
40,0.0774
41,0.0294
42,0.0312
43,0.0279
44,0.0281
45,0.0347
46,0.0302
47,0.0230
48,0.0281
49,0.0336
50,0.0607
51,0.1023
52,0.0529
53,0.0849
54,0.0955
55,0.0596
56,0.0874
57,0.0936
58,0.0795
59,0.0652
60,0.0815
61,0.0604
62,0.0824
63,0.0775
64,0.0952
65,0.0775
66,0.0423
67,0.0781
68,0.0754
69,0.0799
70,0.0808
71,0.0886
72,0.0496
73,0.0536
74,0.0869
75,0.0864
76,0.0669
77,0.0661
78,0.0483
79,0.0745
80,0.0383
81,0.0498
82,0.0524
83,0.0565
84,0.0504
85,0.0489
86,0.0914
87,0.0750
88,0.0813
89,0.0317
90,0.0812
91,0.0909
92,0.0259
93,0.0307
94,0.0265
95,0.0610
96,0.0568
97,0.0462
98,0.0694
99,0.0583
100,0.0414
101,0.0311
102,0.0826
103,0.0659
104,0.0455
105,0.0294
106,0.0673
107,0.0809
108,0.0878
109,0.0538
110,0.0697
111,0.0485
112,0.0301
113,0.0731
114,0.0821
115,0.0257
116,0.0805
117,0.0805
118,0.0914
119,0.0558
120,0.0565
121,0.0732
122,0.0648
123,0.0646
124,0.0704
125,0.0320
126,0.0961
127,0.0745
128,0.0304
129,0.0378
130,0.0487
131,0.0305
132,0.0629
133,0.0405
134,0.0716
135,0.0596
136,0.0950
137,0.0658
138,0.0300
139,0.0354
140,0.1097
141,0.0954
142,0.0814
143,0.1045
144,0.0888
145,0.1022
146,0.0317
147,0.0331
148,0.1075
149,0.0917
150,0.0759
151,0.0727
152,0.0331
153,0.0980
154,0.0478
155,0.0721
156,0.0292
157,0.0686
158,0.0302
159,0.0857
160,0.0260
161,0.0786
162,0.0908
163,0.0342
164,0.0797
165,0.0491
166,0.0763
167,0.0789
168,0.0542
169,0.0663
170,0.0759
171,0.0809
172,0.0858
173,0.0809
174,0.0963
175,0.0544
176,0.0380
177,0.0999
178,0.0977
179,0.0812
180,0.0515
181,0.0764
182,0.0907
183,0.0810
184,0.0559
185,0.0277
186,0.0826
187,0.0859
188,0.0529
189,0.0599
190,0.0522
191,0.0881
192,0.0643
193,0.0988
194,0.0671
195,0.0536
196,0.0272
197,0.0279
198,0.0232
199,0.0268
200,0.0247
201,0.0362
202,0.0322
203,0.0287
204,0.0283
205,0.0261
206,0.0330
207,0.0796
208,0.0331
209,0.0882
210,0.0824
211,0.0756
212,0.0751
213,0.0588
214,0.0272
215,0.0240
216,0.0274
217,0.0549
218,0.0331
219,0.0281
220,0.0628
221,0.0598
222,0.0426
223,0.0524
224,0.0750
225,0.0938
226,0.0721
227,0.0291
228,0.0883
229,0.0963
230,0.0854
231,0.0681
232,0.0600
233,0.0735
234,0.0978
235,0.0809
236,0.0858
237,0.0502
238,0.0436
239,0.0332
240,0.0385
241,0.0342
242,0.1016
243,0.0863
244,0.0615
245,0.0460
246,0.0442
247,0.0336
248,0.0253
249,0.0658
250,0.0658
251,0.0262
252,0.0302
253,0.0833
254,0.0439
255,0.0755
256,0.0706
257,0.0894
258,0.0330
259,0.0877
260,0.0754
261,0.0461
262,0.0495
263,0.0894
264,0.0487
265,0.0326
266,0.0851
267,0.0585
268,0.0456
269,0.0326
270,0.0658
271,0.0881
272,0.0583
273,0.0317
274,0.0353
275,0.0793
276,0.0694
277,0.0783
278,0.0779
279,0.0936
280,0.0858
281,0.0815
282,0.0456
283,0.0836
284,0.0470
285,0.0683
286,0.0289
287,0.0704
288,0.0490
289,0.0861
290,0.0500
291,0.0759
292,0.0716
293,0.0788
294,0.0629
295,0.0575
296,0.0891
297,0.0868
298,0.0351
299,0.0748
300,0.0734
301,0.0436
302,0.0961
303,0.0909
304,0.0817
305,0.0516
306,0.0973
307,0.0931
308,0.0782
309,0.0941
310,0.0610
311,0.0842
312,0.0237
313,0.0244
314,0.0299
315,0.0324
316,0.0307
317,0.0340
318,0.0534
319,0.0452
320,0.0550
321,0.0935
322,0.0917
323,0.0759
324,0.0837
325,0.0592
326,0.0693
327,0.0562
328,0.0803
329,0.0548
330,0.0819
331,0.0691
332,0.0448
333,0.0734
334,0.0527
335,0.0313
336,0.0722
337,0.0876
338,0.0686
339,0.0703
340,0.0751
341,0.0825
342,0.0912
343,0.0904
344,0.0906
345,0.0321
346,0.0608
347,0.0706
348,0.0752
349,0.0551
350,0.0931
351,0.1040
352,0.0712
353,0.0746
354,0.0504
355,0.0841
356,0.1029
357,0.0935
358,0.0891
359,0.1035
360,0.0725
361,0.0318
362,0.0936
363,0.0969
364,0.0629
365,0.0541
366,0.0504
367,0.0391
368,0.0769
369,0.0893
370,0.0808
371,0.0920
372,0.0911
373,0.0557
374,0.0922
375,0.0701
376,0.1101
377,0.0709
378,0.0687
379,0.1098
380,0.0845
381,0.0703
382,0.0773
383,0.0292
384,0.0300
385,0.0296
386,0.0467
387,0.0614
388,0.0508
389,0.0492
390,0.0790
391,0.0597
392,0.0669
393,0.1052
394,0.0734
395,0.0957
396,0.0974
397,0.0657
398,0.0895
399,0.0574
400,0.0810
401,0.0763
402,0.0601
403,0.0730
404,0.0597
405,0.0755
406,0.0611
407,0.0601
408,0.0451
409,0.0483
410,0.0537
411,0.0650
412,0.0865
413,0.0542
414,0.1014
415,0.0686
416,0.0822
417,0.0852
418,0.0667
419,0.0857
420,0.0992
421,0.0949
422,0.0685
423,0.1028
424,0.0996
425,0.0525
426,0.0537
427,0.0757
428,0.0583
429,0.0772
430,0.0762
431,0.0876
432,0.0800
433,0.0982
434,0.0951
435,0.0517
436,0.0552
437,0.0903
438,0.0300
439,0.0298
440,0.0327
441,0.0783
442,0.0979
443,0.0830
444,0.0679
445,0.0814
446,0.0642
447,0.0703
448,0.1020
449,0.0822
450,0.0823
451,0.0537
452,0.0956
453,0.0288
454,0.1080
455,0.0574
456,0.0566
457,0.0542
458,0.0536
459,0.0917
460,0.0753
461,0.0326
462,0.0367
463,0.0756
464,0.0509
465,0.0730
466,0.0685
467,0.0812
468,0.0701
469,0.0889
470,0.0306
471,0.0824
472,0.0339
473,0.0292
474,0.0275
475,0.0755
476,0.0515
477,0.0372
478,0.0359
479,0.0884
480,0.0976
481,0.0666
482,0.0729
483,0.0305
484,0.0689
485,0.0307
486,0.0734
487,0.0784
488,0.0936
489,0.0664
490,0.0572
491,0.0948
492,0.0488
493,0.0605
494,0.0630
495,0.0629
496,0.0573
497,0.0288
498,0.0791
499,0.0850
500,0.0850
501,0.1009
502,0.0506
503,0.0795
504,0.0594
505,0.0851
506,0.0892
507,0.0809
508,0.0824
509,0.0818
510,0.1190
511,0.0513
512,0.0828
513,0.0552
514,0.0625
515,0.0296
516,0.0355
517,0.0921
518,0.0320
519,0.1025
520,0.0341
521,0.0308
522,0.0269
523,0.0287
524,0.0283
525,0.0313
526,0.0298
527,0.0276
528,0.0251
529,0.0274
530,0.0267
531,0.0309
532,0.0269
533,0.0260
534,0.0280
535,0.0288
536,0.0271
537,0.0258
538,0.0263
539,0.0291
540,0.0273
541,0.0258
542,0.0260
543,0.0367
544,0.0283
545,0.0250
546,0.0297
547,0.0288
548,0.1375
549,0.0705
550,0.0560
551,0.0543
552,0.0466
553,0.1395
554,0.0574
555,0.0424
556,0.0400
557,0.0478
558,0.0543
559,0.0425
560,0.0473
561,0.0423
562,0.0469
563,0.0454
564,0.0486
565,0.0435
566,0.0366
567,0.0473
568,0.0248
569,0.0266
570,0.0306
571,0.0297
572,0.0302
573,0.0298
574,0.0307
575,0.0480
576,0.0559
577,0.0579
578,0.0560
579,0.0243
580,0.0253
581,0.0309
582,0.0277
583,0.0288
584,0.0290
585,0.0310
586,0.0288
587,0.0237
588,0.0434
589,0.0449
590,0.0560
591,0.0459
592,0.0447
593,0.0589
594,0.0281
595,0.0449
596,0.0234
597,0.0295
598,0.0322
599,0.0254
600,0.0280
601,0.0272
602,0.0279
603,0.0273
604,0.0447
605,0.0549
606,0.0512
607,0.0469
608,0.0294
609,0.0544
610,0.0446
611,0.0442
612,0.0570
613,0.0291
614,0.0557
615,0.0462
616,0.0587
617,0.0293
618,0.0514
619,0.0217
620,0.0249
621,0.0257
622,0.0294
623,0.0352
624,0.0298
625,0.0483
626,0.0547
627,0.0297
628,0.0320
629,0.0287
630,0.0462
631,0.0484
632,0.0457
633,0.0529
634,0.0363
635,0.0295
636,0.1068
637,0.0244
638,0.0488
639,0.0462
640,0.0401
641,0.0231
642,0.0442
643,0.0410
644,0.0387
645,0.0221
646,0.0351
647,0.0459
648,0.0489
649,0.0508
650,0.0490
651,0.0489
652,0.0472
653,0.0421
654,0.0306
655,0.0249
656,0.0276
657,0.0289
658,0.0321
659,0.0243
660,0.0451
661,0.0458
662,0.0301
663,0.0246
664,0.0314
665,0.0503
666,0.0330
667,0.0299
668,0.0332
669,0.0606
670,0.0288
671,0.0451
672,0.0497
673,0.0426
674,0.0626
675,0.0531
676,0.0479
677,0.0596
678,0.0323
679,0.0317
680,0.0310
681,0.0313
682,0.0333
683,0.0254
684,0.0484
685,0.0447
686,0.0450
687,0.0585
688,0.0572
689,0.0545
690,0.0534
691,0.0250
692,0.0247
693,0.0274
694,0.0300
695,0.0318
696,0.0251
697,0.0256
698,0.0282
699,0.0388
700,0.0304
701,0.0344
702,0.0334
703,0.0424
704,0.0377
705,0.0424
706,0.0446
707,0.0502
708,0.0561
709,0.0642
710,0.0483
711,0.0311
712,0.0554
713,0.0424
714,0.0596
715,0.0652
716,0.0316
717,0.0321
718,0.0565
719,0.0523
720,0.0450
721,0.0436
722,0.0371
723,0.0595
724,0.0646
725,0.0606
726,0.0284
727,0.0544
728,0.0584
729,0.0549
730,0.0529
731,0.0684
732,0.0478
733,0.0533
734,0.0450
735,0.0459
736,0.0297
737,0.0269
738,0.0288
739,0.0229
740,0.0361
741,0.0318
742,0.0313
743,0.0512
744,0.0739
745,0.0323
746,0.0300
747,0.0584
748,0.0304
749,0.0542
750,0.0508
751,0.0277
752,0.0293
753,0.0319
754,0.0320
755,0.0413
756,0.0341
757,0.0286
758,0.0297
759,0.0299
760,0.0555
761,0.0500
762,0.0479
763,0.0547
764,0.0548
765,0.0409
766,0.0560
767,0.0568
768,0.0552
769,0.0442
770,0.0273
771,0.0426
772,0.0449
773,0.0519
774,0.0469
775,0.0712
776,0.0292
777,0.0322
778,0.0305
779,0.0578
780,0.0484
781,0.0477
782,0.0299
783,0.0552
784,0.0573
785,0.0549
786,0.0428
787,0.0449
788,0.0532
789,0.0644
790,0.0329
791,0.0258
792,0.0515
793,0.0449
794,0.0296
795,0.0598
796,0.0548
797,0.0516
798,0.0515
799,0.0278
800,0.0333
801,0.0594
802,0.0282
803,0.0221
804,0.0319
805,0.0338
806,0.0286
807,0.0315
808,0.0277
809,0.0250
810,0.0336
811,0.0350
812,0.0615
813,0.0879
814,0.0995
815,0.0902
816,0.0705
817,0.0627
818,0.0711
819,0.0621
820,0.0310
821,0.0323
822,0.0349
823,0.0773
824,0.0959
825,0.0418
826,0.0563
827,0.0290
828,0.0722
829,0.0941
830,0.0626
831,0.0339
832,0.1003
833,0.0874
834,0.0765
835,0.0553
836,0.1473
837,0.0576
838,0.0333
839,0.0667
840,0.0756
841,0.0316
842,0.0310
843,0.0847
844,0.0290
845,0.0841
846,0.0338
847,0.0742
848,0.0586
849,0.0895
850,0.0716
851,0.0659
852,0.0747
853,0.0608
854,0.0552
855,0.0880
856,0.0344
857,0.0730
858,0.0858
859,0.0474
860,0.0308
861,0.0355
862,0.0898
863,0.0569
864,0.0742
865,0.0730
866,0.0510
867,0.0365
868,0.0711
869,0.0625
870,0.0421
871,0.0522
872,0.0783
873,0.0658
874,0.0726
875,0.0547
876,0.1025
877,0.0593
878,0.0819
879,0.0465
880,0.0639
881,0.0652
882,0.0560
883,0.0291
884,0.0566
885,0.0736
886,0.0744
887,0.0531
888,0.0863
889,0.0657
890,0.0393
891,0.0389
892,0.0476
893,0.0431
894,0.0701
895,0.0758
896,0.0846
897,0.0692
898,0.0593
899,0.0541
900,0.0528
901,0.0595
902,0.0522
903,0.0906
904,0.0609
905,0.0716
906,0.0391
907,0.0578
908,0.0638
909,0.0729
910,0.0461
911,0.0550
912,0.0430
913,0.0561
914,0.0289
915,0.0672
916,0.0709
917,0.0502
918,0.0255
919,0.0253
920,0.0342
921,0.0489
922,0.0211
923,0.0496
924,0.0493
925,0.0262
926,0.0433
927,0.0260
928,0.0545
929,0.0483
930,0.0437
931,0.0587
932,0.0609
933,0.0656
934,0.0633
935,0.0552
936,0.0388
937,0.0464
938,0.0485
939,0.0254
940,0.0626
941,0.0639
942,0.0529
943,0.0308
944,0.0269
945,0.0216
946,0.0506
947,0.0367
948,0.0261
949,0.0262
950,0.0240
951,0.0645
952,0.0465
953,0.0675
954,0.0605
955,0.0528
956,0.0680
957,0.0383
958,0.0217
959,0.0706
960,0.0636
961,0.0507
962,0.0461
963,0.0632
964,0.0396
965,0.0593
966,0.0253
967,0.0227
968,0.0464
969,0.0445
970,0.0452
971,0.0208
972,0.0188
973,0.0321
974,0.0479
975,0.0511
976,0.0487
977,0.0424
978,0.0714
979,0.0533
980,0.0204
981,0.0277
982,0.0742
983,0.0320
984,0.0243
985,0.0509
986,0.0499
987,0.0661
988,0.0289
989,0.0281
990,0.0521
991,0.0246
992,0.0255
993,0.0483
994,0.0617
995,0.0674
996,0.0549
997,0.0560
998,0.0262
999,0.0434
1000,0.0520