1,0.0397
2,0.0646
3,0.0726
4,0.0927
5,0.0709
6,0.0282
7,0.0298
8,0.0346
9,0.0625
10,0.0663
11,0.0397
12,0.0646
13,0.0726
14,0.0557
15,0.0707
16,0.0791
17,0.0996
18,0.0912
19,0.0776
20,0.0481
21,0.0716
22,0.0595
23,0.0327
24,0.0822
25,0.0344
26,0.0302
27,0.0328
28,0.1023
29,0.1052
30,0.0950
31,0.0909
32,0.0482
33,0.0628
34,0.0761
35,0.0384
36,0.0897
37,0.0844
38,0.0467
39,0.0507
40,0.0644
41,0.0841
42,0.0813
43,0.0674
44,0.0417
45,0.1001
46,0.0637
47,0.0708
48,0.0659
49,0.0707
50,0.0324
51,0.0542
52,0.0765
53,0.0519
54,0.0628
55,0.0695
56,0.0496
57,0.0542
58,0.0638
59,0.0519
60,0.0676
61,0.0816
62,0.0668
63,0.0651
64,0.0576
65,0.0233
66,0.0249
67,0.0309
68,0.0679
69,0.0316
70,0.0502
71,0.0612
72,0.0674
73,0.0768
74,0.0481
75,0.0527
76,0.0876
77,0.0541
78,0.0632
79,0.0339
80,0.0576
81,0.0641
82,0.0694
83,0.0739
84,0.0656
85,0.0742
86,0.0347
87,0.0576
88,0.1033
89,0.0765
90,0.0995
91,0.0463
92,0.0635
93,0.0663
94,0.0653
95,0.0322
96,0.0298
97,0.0281
98,0.0858
99,0.0742
100,0.0521
101,0.0714
102,0.1011
103,0.0856
104,0.0797
105,0.0429
106,0.0433
107,0.0519
108,0.0542
109,0.0768
110,0.0261
111,0.0291
112,0.0702
113,0.0543
114,0.0300
115,0.0722
116,0.0453
117,0.0662
118,0.0719
119,0.0948
120,0.0749
121,0.0509
122,0.1046
123,0.0957
124,0.0900
125,0.0809
126,0.0540
127,0.0905
128,0.0496
129,0.0750
130,0.0790
131,0.0683
132,0.0768
133,0.0563
134,0.0318
135,0.0303
136,0.0789
137,0.0880
138,0.0986
139,0.0550
140,0.0291
141,0.0305
142,0.0695
143,0.0829
144,0.0567
145,0.0834
146,0.0934
147,0.0885
148,0.0654
149,0.0319
150,0.0322
151,0.0390
152,0.0692
153,0.0765
154,0.0683
155,0.0584
156,0.0906
157,0.0828
158,0.0924
159,0.0628
160,0.0746
161,0.0329
162,0.0750
163,0.0559
164,0.0305
165,0.0696
166,0.0901
167,0.0572
168,0.0963
169,0.0885
170,0.0603
171,0.1169
172,0.0250
173,0.0305
174,0.0416
175,0.0317
176,0.1006
177,0.0388
178,0.0329
179,0.0374
180,0.0957
181,0.0543
182,0.0597
183,0.0250
184,0.0322
185,0.0604
186,0.0387
187,0.0698
188,0.0952
189,0.0701
190,0.0710
191,0.0691
192,0.0990
193,0.0833
194,0.0876
195,0.0708
196,0.0340
197,0.0465
198,0.0371
199,0.0378
200,0.0365
201,0.0554
202,0.0505
203,0.0774
204,0.0746
205,0.0773
206,0.0980
207,0.0962
208,0.0584
209,0.1013
210,0.0340
211,0.0302
212,0.0519
213,0.0735
214,0.0753
215,0.0694
216,0.0409
217,0.0903
218,0.0538
219,0.0468
220,0.0774
221,0.0745
222,0.0809
223,0.0916
224,0.0490
225,0.0346
226,0.0328
227,0.0689
228,0.0533
229,0.0319
230,0.0739
231,0.0913
232,0.0949
233,0.0904
234,0.0301
235,0.0281
236,0.0410
237,0.0291
238,0.0636
239,0.0773
240,0.0561
241,0.0652
242,0.0353
243,0.0651
244,0.0477
245,0.0624
246,0.0683
247,0.0671
248,0.0495
249,0.0883
250,0.1024
251,0.0416
252,0.0528
253,0.0317
254,0.0271
255,0.0361
256,0.0605
257,0.0797
258,0.0688
259,0.1005
260,0.0914
261,0.0807
262,0.0640
263,0.0702
264,0.0736
265,0.0859
266,0.1020
267,0.0685
268,0.0784
269,0.0938
270,0.1152
271,0.0360
272,0.0309
273,0.0764
274,0.0849
275,0.0275
276,0.0488
277,0.0281
278,0.0680
279,0.0563
280,0.0301
281,0.0536
282,0.0916
283,0.0695
284,0.0777
285,0.0874
286,0.0935
287,0.0816
288,0.0950
289,0.0726
290,0.1021
291,0.0900
292,0.0885
293,0.0328
294,0.0508
295,0.0950
296,0.0324
297,0.0295
298,0.0567
299,0.0525
300,0.0597
301,0.0601
302,0.0511
303,0.0758
304,0.0713
305,0.0672
306,0.0355
307,0.0758
308,0.0551
309,0.0743
310,0.0770
311,0.0590
312,0.0659
313,0.0746
314,0.0821
315,0.0602
316,0.0655
317,0.0962
318,0.0920
319,0.0658
320,0.0306
321,0.0332
322,0.0422
323,0.0264
324,0.0652
325,0.0816
326,0.0296
327,0.0942
328,0.0578
329,0.0315
330,0.0444
331,0.0853
332,0.0842
333,0.0288
334,0.0308
335,0.1036
336,0.0486
337,0.0699
338,0.0298
339,0.0563
340,0.0552
341,0.0698
342,0.0293
343,0.0542
344,0.0718
345,0.0705
346,0.1112
347,0.0290
348,0.0941
349,0.0812
350,0.0533
351,0.0397
352,0.0547
353,0.0342
354,0.0699
355,0.0461
356,0.0855
357,0.0727
358,0.0595
359,0.0867
360,0.0532
361,0.0537
362,0.0542
363,0.0759
364,0.1065
365,0.0993
366,0.0626
367,0.0568
368,0.0504
369,0.0527
370,0.0698
371,0.0515
372,0.0701
373,0.0723
374,0.0568
375,0.1033
376,0.0899
377,0.0527
378,0.0514
379,0.0874
380,0.0441
381,0.0849
382,0.0646
383,0.0497
384,0.0756
385,0.0626
386,0.0626
387,0.0726
388,0.0342
389,0.0885
390,0.0544
391,0.0853
392,0.0391
393,0.0292
394,0.0296
395,0.0778
396,0.0824
397,0.0479
398,0.0574
399,0.0775
400,0.0383
401,0.1020
402,0.0314
403,0.0521
404,0.0701
405,0.0948
406,0.0835
407,0.0732
408,0.1038
409,0.0836
410,0.0955
411,0.0751
412,0.0709
413,0.0966
414,0.0326
415,0.0274
416,0.0500
417,0.0323
418,0.1057
419,0.0655
420,0.0744
421,0.0769
422,0.0924
423,0.0784
424,0.0508
425,0.0842
426,0.0758
427,0.0913
428,0.0270
429,0.0243
430,0.0261
431,0.0254
432,0.0264
433,0.0410
434,0.0690
435,0.0747
436,0.0337
437,0.0319
438,0.0505
439,0.0917
440,0.0562
441,0.0396
442,0.0336
443,0.0499
444,0.0544
445,0.0614
446,0.0231
447,0.0520
448,0.0800
449,0.0280
450,0.0712
451,0.0885
452,0.0488
453,0.0555
454,0.0372
455,0.1025
456,0.0754
457,0.0848
458,0.0896
459,0.0325
460,0.0287
461,0.0845
462,0.0794
463,0.0955
464,0.0845
465,0.0512
466,0.0896
467,0.0457
468,0.0911
469,0.0741
470,0.0726
471,0.1000
472,0.0931
473,0.0673
474,0.0425
475,0.0914
476,0.0700
477,0.0761
478,0.0977
479,0.0257
480,0.0359
481,0.1136
482,0.0865
483,0.0873
484,0.1049
485,0.0927
486,0.0921
487,0.0947
488,0.0516
489,0.0544
490,0.0750
491,0.0252
492,0.0645
493,0.0760
494,0.0994
495,0.0826
496,0.0713
497,0.0625
498,0.0525
499,0.0548
500,0.0492
501,0.0788
502,0.0826
503,0.0598
504,0.0938
505,0.0295
506,0.0285
507,0.0336
508,0.0264
509,0.0605
510,0.0733
511,0.0314
512,0.0701
513,0.0844
514,0.0823
515,0.0855
516,0.0562
517,0.0552
518,0.0973
519,0.0616
520,0.0905
521,0.0769
522,0.0480
523,0.0527
524,0.0539
525,0.0557
526,0.0313
527,0.0516
528,0.0636
529,0.0599
530,0.0633
531,0.0580
532,0.0442
533,0.0500
534,0.0390
535,0.0483
536,0.0368
537,0.0438
538,0.0392
539,0.0466
540,0.0497
541,0.0473
542,0.0601
543,0.0649
544,0.0481
545,0.0497
546,0.0606
547,0.0461
548,0.0294
549,0.0603
550,0.0439
551,0.0794
552,0.0456
553,0.0532
554,0.0445
555,0.0421
556,0.0930
557,0.0489
558,0.0651
559,0.0244
560,0.0328
561,0.0361
562,0.0349
563,0.0291
564,0.0602
565,0.0451
566,0.0609
567,0.0414
568,0.0509
569,0.0400
570,0.0475
571,0.0523
572,0.0559
573,0.0669
574,0.0263
575,0.0560
576,0.0618
577,0.0489
578,0.0348
579,0.0382
580,0.0463
581,0.0515
582,0.0540
583,0.0666
584,0.0559
585,0.0626
586,0.0531
587,0.0526
588,0.0590
589,0.0528
590,0.0692
591,0.0488
592,0.0510
593,0.0514
594,0.0465
595,0.0280
596,0.0327
597,0.0613
598,0.0630
599,0.0380
600,0.0333
601,0.0499
602,0.0478
603,0.0339
604,0.0302
605,0.0638
606,0.0370
607,0.0630
608,0.0649
609,0.0408
610,0.0333
611,0.0341
612,0.0476
613,0.0487
614,0.0615
615,0.0431
616,0.0608
617,0.0327
618,0.0370
619,0.0340
620,0.0391
621,0.0557
622,0.0443
623,0.0450
624,0.0339
625,0.0356
626,0.0405
627,0.0311
628,0.0520
629,0.0613
630,0.0545
631,0.0447
632,0.0387
633,0.0656
634,0.0618
635,0.0369
636,0.0514
637,0.0414
638,0.0500
639,0.0458
640,0.0579
641,0.0422
642,0.0421
643,0.0410
644,0.0481
645,0.0320
646,0.0663
647,0.0502
648,0.0539
649,0.0539
650,0.0601
651,0.0383
652,0.0345
653,0.0291
654,0.0400
655,0.0337
656,0.0540
657,0.0557
658,0.0681
659,0.0248
660,0.0323
661,0.0345
662,0.0463
663,0.0285
664,0.0328
665,0.0360
666,0.0612
667,0.0540
668,0.0417
669,0.0428
670,0.0535
671,0.0955
672,0.0369
673,0.0488
674,0.0600
675,0.0531
676,0.0403
677,0.0618
678,0.0564
679,0.0528
680,0.0510
681,0.0366
682,0.0641
683,0.0488
684,0.0488
685,0.0567
686,0.0528
687,0.0698
688,0.0744
689,0.0337
690,0.0386
691,0.0319
692,0.0660
693,0.0591
694,0.0525
695,0.0436
696,0.0332
697,0.0312
698,0.0462
699,0.0608
700,0.0466
701,0.0509
702,0.0631
703,0.0445
704,0.0301
705,0.0287
706,0.0402
707,0.0426
708,0.0450
709,0.0580
710,0.0405
711,0.0466
712,0.0485
713,0.0322
714,0.0501
715,0.0741
716,0.0573
717,0.0586
718,0.0481
719,0.0569
720,0.0505
721,0.0515
722,0.0820
723,0.0525
724,0.0577
725,0.0750
726,0.0582
727,0.0637
728,0.0399
729,0.0793
730,0.0759
731,0.0701
732,0.0510
733,0.0597
734,0.0448
735,0.0295
736,0.0433
737,0.0367
738,0.0484
739,0.0410
740,0.0645
741,0.0425
742,0.0541
743,0.0380
744,0.0847
745,0.0329
746,0.0548
747,0.0590
748,0.0488
749,0.0676
750,0.0371
751,0.0347
752,0.0581
753,0.0676
754,0.0642
755,0.0669
756,0.0405
757,0.0510
758,0.0357
759,0.0493
760,0.0548
761,0.0468
762,0.0496
763,0.0586
764,0.0391
765,0.0499
766,0.0673
767,0.0720
768,0.0611
769,0.0341
770,0.0711
771,0.0446
772,0.0489
773,0.0474
774,0.1100
775,0.0599
776,0.0430
777,0.0567
778,0.0399
779,0.0504
780,0.0401
781,0.0455
782,0.0589
783,0.0628
784,0.0381
785,0.0588
786,0.0382
787,0.0256
788,0.0420
789,0.0765
790,0.0366
791,0.0288
792,0.0392
793,0.0336
794,0.0566
795,0.0611
796,0.0399
797,0.0416
798,0.0413
799,0.0356
800,0.0491
801,0.0662
802,0.0563
803,0.0348
804,0.0905
805,0.0739
806,0.0769
807,0.0829
808,0.0751
809,0.0771
810,0.0445
811,0.0488
812,0.0286
813,0.0726
814,0.0347
815,0.0524
816,0.0528
817,0.0437
818,0.0871
819,0.0497
820,0.0874
821,0.0615
822,0.0923
823,0.0537
824,0.0735
825,0.0792
826,0.0678
827,0.0834
828,0.0869
829,0.0336
830,0.0332
831,0.0787
832,0.0791
833,0.0322
834,0.0426
835,0.0337
836,0.0848
837,0.1070
838,0.0783
839,0.1051
840,0.0543
841,0.0803
842,0.0687
843,0.0561
844,0.0885
845,0.0978
846,0.0843
847,0.0903
848,0.0293
849,0.0296
850,0.0569
851,0.0484
852,0.0354
853,0.0791
854,0.0774
855,0.0302
856,0.0531
857,0.0506
858,0.0324
859,0.0944
860,0.0676
861,0.0604
862,0.0297
863,0.0320
864,0.0941
865,0.0497
866,0.0880
867,0.0494
868,0.0547
869,0.0850
870,0.0719
871,0.0835
872,0.0895
873,0.0370
874,0.0540
875,0.0374
876,0.0634
877,0.0364
878,0.0256
879,0.0278
880,0.0262
881,0.0310
882,0.0269
883,0.0229
884,0.0271
885,0.0267
886,0.0286
887,0.0231
888,0.0288
889,0.0282
890,0.0268
891,0.0289
892,0.0317
893,0.0265
894,0.0284
895,0.0292
896,0.0293
897,0.0319
898,0.0276
899,0.0250
900,0.0262
901,0.0256
902,0.0252
903,0.0331
904,0.0326
905,0.0281
906,0.0302
907,0.0392
908,0.0298
909,0.0363
910,0.0262
911,0.0241
912,0.0238
913,0.0294
914,0.0252
915,0.0279
916,0.0300
917,0.0317
918,0.0283
919,0.0316
920,0.0330
921,0.0261
922,0.0300
923,0.0276
924,0.0315
925,0.0277
926,0.0304
927,0.0252
928,0.0255
929,0.0284
930,0.0307
931,0.0265
932,0.0253
933,0.0264
934,0.0296
935,0.0292
936,0.0263
937,0.0263
938,0.0329
939,0.0249
940,0.0305
941,0.0275
942,0.0242
943,0.0320
944,0.0250
945,0.0264
946,0.0320
947,0.0296
948,0.0270
949,0.0300
950,0.0308
951,0.0329
952,0.0292
953,0.0321
954,0.0295
955,0.0263
956,0.0280
957,0.0282
958,0.0313
959,0.0294
960,0.0265
961,0.0330
962,0.0283
963,0.0348
964,0.0245
965,0.0268
966,0.0304
967,0.0300
968,0.0282
969,0.0285
970,0.0238
971,0.0292
972,0.0258
973,0.0383
974,0.0261
975,0.0324
976,0.0330
977,0.0304
978,0.0321
979,0.0282
980,0.0284
981,0.0283
982,0.0294
983,0.0345
984,0.0278
985,0.0290
986,0.0343
987,0.0275
988,0.0323
989,0.0281
990,0.0316
991,0.0302
992,0.0241
993,0.0350
994,0.0328
995,0.0306
996,0.0287
997,0.0304
998,0.0284
999,0.0280
1000,0.0290