1,0.0244
2,0.0248
3,0.0232
4,0.0287
5,0.0270
6,0.0339
7,0.0263
8,0.0310
9,0.0256
10,0.0281
11,0.0265
12,0.0238
13,0.0324
14,0.0367
15,0.0252
16,0.0282
17,0.0266
18,0.0224
19,0.0235
20,0.0281
21,0.0233
22,0.0348
23,0.0211
24,0.0241
25,0.0248
26,0.0296
27,0.0241
28,0.0308
29,0.0262
30,0.0199
31,0.0217
32,0.0270
33,0.0232
34,0.0329
35,0.0290
36,0.0280
37,0.0297
38,0.0275
39,0.0253
40,0.0242
41,0.0244
42,0.0248
43,0.0232
44,0.0287
45,0.0262
46,0.0238
47,0.0253
48,0.0258
49,0.0268
50,0.0236
51,0.0257
52,0.0227
53,0.0254
54,0.0265
55,0.0300
56,0.0266
57,0.0248
58,0.0246
59,0.0261
60,0.0282
61,0.0236
62,0.0314
63,0.0236
64,0.0274
65,0.0227
66,0.0262
67,0.0234
68,0.0242
69,0.0228
70,0.0194
71,0.0360
72,0.0228
73,0.0235
74,0.0227
75,0.0270
76,0.0295
77,0.0208
78,0.0256
79,0.0287
80,0.0207
81,0.0234
82,0.0325
83,0.0240
84,0.0254
85,0.0193
86,0.0277
87,0.0252
88,0.0245
89,0.0243
90,0.0268
91,0.0353
92,0.0267
93,0.0252
94,0.0191
95,0.0305
96,0.0314
97,0.0252
98,0.0259
99,0.0231
100,0.0224
101,0.0264
102,0.0314
103,0.0249
104,0.0249
105,0.0216
106,0.0234
107,0.0311
108,0.0225
109,0.0314
110,0.0242
111,0.0241
112,0.0245
113,0.0197
114,0.0271
115,0.0202
116,0.0252
117,0.0311
118,0.0944
119,0.0219
120,0.0214
121,0.0221
122,0.0264
123,0.0254
124,0.0191
125,0.0277
126,0.0194
127,0.0232
128,0.0274
129,0.0218
130,0.0233
131,0.0203
132,0.0220
133,0.0239
134,0.0199
135,0.0260
136,0.0239
137,0.0229
138,0.0176
139,0.0273
140,0.0261
141,0.0262
142,0.0296
143,0.0277
144,0.0215
145,0.0232
146,0.0296
147,0.0215
148,0.0252
149,0.0242
150,0.0240
151,0.0248
152,0.0257
153,0.0259
154,0.0199
155,0.0268
156,0.0256
157,0.0225
158,0.0239
159,0.0307
160,0.0219
161,0.0183
162,0.0259
163,0.0297
164,0.0449
165,0.0298
166,0.0253
167,0.0258
168,0.0196
169,0.0255
170,0.0185
171,0.0250
172,0.0280
173,0.0328
174,0.0191
175,0.0232
176,0.0251
177,0.0209
178,0.0304
179,0.0219
180,0.0240
181,0.0275
182,0.0220
183,0.0275
184,0.0265
185,0.0224
186,0.0244
187,0.0194
188,0.0254
189,0.0241
190,0.0245
191,0.0270
192,0.0214
193,0.0215
194,0.0240
195,0.0314
196,0.0243
197,0.0200
198,0.0216
199,0.0201
200,0.0215
201,0.0218
202,0.0210
203,0.0267
204,0.0279
205,0.0234
206,0.0247
207,0.0299
208,0.0192
209,0.0203
210,0.0202
211,0.0234
212,0.0222
213,0.0225
214,0.0219
215,0.0188
216,0.0244
217,0.0240
218,0.0316
219,0.0220
220,0.0247
221,0.0250
222,0.0237
223,0.0246
224,0.0212
225,0.0235
226,0.0240
227,0.0223
228,0.0255
229,0.0265
230,0.0279
231,0.0233
232,0.0202
233,0.0247
234,0.0234
235,0.0291
236,0.0217
237,0.0337
238,0.0404
239,0.0344
240,0.0394
241,0.0367
242,0.0458
243,0.0484
244,0.0419
245,0.0514
246,0.0535
247,0.0503
248,0.0493
249,0.0249
250,0.0277
251,0.0347
252,0.0277
253,0.0204
254,0.0215
255,0.0255
256,0.0257
257,0.0286
258,0.0311
259,0.0230
260,0.0293
261,0.0220
262,0.0299
263,0.0235
264,0.0240
265,0.0303
266,0.0297
267,0.0242
268,0.0285
269,0.0232
270,0.0345
271,0.0293
272,0.0266
273,0.0222
274,0.0352
275,0.0204
276,0.0246
277,0.0229
278,0.0247
279,0.0325
280,0.0287
281,0.0261
282,0.0201
283,0.0254
284,0.0208
285,0.0187
286,0.0195
287,0.0202
288,0.0226
289,0.0290
290,0.0279
291,0.0207
292,0.1096
293,0.0227
294,0.0198
295,0.0196
296,0.0218
297,0.0212
298,0.0252
299,0.0319
300,0.0238
301,0.0225
302,0.0303
303,0.0282
304,0.0248
305,0.0281
306,0.0229
307,0.0304
308,0.0230
309,0.1090
310,0.0216
311,0.0573
312,0.0253
313,0.0433
314,0.0577
315,0.0239
316,0.0234
317,0.0203
318,0.0208
319,0.0334
320,0.0527
321,0.0482
322,0.0251
323,0.0502
324,0.0578
325,0.1079
326,0.0371
327,0.0417
328,0.1084
329,0.0193
330,0.0242
331,0.0555
332,0.0211
333,0.0280
334,0.0256
335,0.0229
336,0.0277
337,0.0241
338,0.0216
339,0.0305
340,0.0231
341,0.0206
342,0.0250
343,0.0257
344,0.0494
345,0.0452
346,0.0408
347,0.0228
348,0.0196
349,0.0469
350,0.0399
351,0.0330
352,0.0249
353,0.0313
354,0.0580
355,0.0307
356,0.0528
357,0.0408
358,0.0521
359,0.0297
360,0.0912
361,0.0608
362,0.0204
363,0.0303
364,0.0466
365,0.0449
366,0.0424
367,0.0222
368,0.0252
369,0.0234
370,0.0446
371,0.0230
372,0.0275
373,0.1159
374,0.0549
375,0.0453
376,0.0432
377,0.0241
378,0.0981
379,0.0271
380,0.0257
381,0.0504
382,0.0399
383,0.0396
384,0.0538
385,0.0385
386,0.0244
387,0.0211
388,0.0451
389,0.0689
390,0.0244
391,0.0295
392,0.0261
393,0.0260
394,0.0282
395,0.0251
396,0.0274
397,0.0256
398,0.0285
399,0.0260
400,0.0262
401,0.0266
402,0.0322
403,0.0251
404,0.0266
405,0.0301
406,0.0288
407,0.0291
408,0.0291
409,0.0260
410,0.0335
411,0.0259
412,0.0310
413,0.0273
414,0.0270
415,0.0273
416,0.0301
417,0.0299
418,0.0260
419,0.0261
420,0.0267
421,0.0306
422,0.0310
423,0.0231
424,0.0260
425,0.0310
426,0.0267
427,0.0229
428,0.1308
429,0.0275
430,0.0252
431,0.0241
432,0.0317
433,0.0257
434,0.0250
435,0.0268
436,0.0287
437,0.0240
438,0.0300
439,0.0315
440,0.0326
441,0.0282
442,0.0279
443,0.0289
444,0.0324
445,0.0303
446,0.0268
447,0.0223
448,0.0256
449,0.0221
450,0.0288
451,0.0328
452,0.0311
453,0.0329
454,0.0286
455,0.0338
456,0.0261
457,0.0265
458,0.0281
459,0.0256
460,0.0334
461,0.0288
462,0.0264
463,0.0261
464,0.0315
465,0.0253
466,0.0301
467,0.0235
468,0.0287
469,0.0290
470,0.0285
471,0.0321
472,0.0260
473,0.0328
474,0.0297
475,0.0298
476,0.0297
477,0.0268
478,0.0316
479,0.0267
480,0.0271
481,0.1280
482,0.0317
483,0.0266
484,0.0302
485,0.0238
486,0.0278
487,0.0320
488,0.0265
489,0.0305
490,0.0253
491,0.0281
492,0.0255
493,0.0218
494,0.0256
495,0.0234
496,0.0266
497,0.0264
498,0.0263
499,0.0468
500,0.0262
501,0.0504
502,0.0251
503,0.0462
504,0.0378
505,0.0203
506,0.0462
507,0.0238
508,0.0610
509,0.0240
510,0.0474
511,0.0257
512,0.0248
513,0.0255
514,0.0199
515,0.0512
516,0.0381
517,0.0488
518,0.0470
519,0.0415
520,0.0427
521,0.0206
522,0.0442
523,0.0398
524,0.0405
525,0.0215
526,0.0266
527,0.0222
528,0.0243
529,0.0297
530,0.0211
531,0.0458
532,0.0417
533,0.0416
534,0.0451
535,0.0394
536,0.0238
537,0.0507
538,0.0235
539,0.0218
540,0.0237
541,0.0988
542,0.0508
543,0.0424
544,0.0436
545,0.0539
546,0.0268
547,0.0271
548,0.0436
549,0.0258
550,0.0233
551,0.0201
552,0.0255
553,0.0194
554,0.0254
555,0.0252
556,0.0285
557,0.0210
558,0.0304
559,0.0213
560,0.0223
561,0.0194
562,0.0499
563,0.0527
564,0.0430
565,0.0199
566,0.0282
567,0.0495
568,0.0516
569,0.0216
570,0.0383
571,0.0410
572,0.0468
573,0.0459
574,0.0457
575,0.0468
576,0.0276
577,0.0238
578,0.0369
579,0.0416
580,0.0488
581,0.0512
582,0.0374
583,0.0387
584,0.0521
585,0.0425
586,0.0358
587,0.0451
588,0.0223
589,0.0401
590,0.0224
591,0.0206
592,0.0378
593,0.0226
594,0.0462
595,0.0473
596,0.0437
597,0.0463
598,0.0228
599,0.0253
600,0.0406
601,0.0286
602,0.0217
603,0.0204
604,0.0258
605,0.0205
606,0.0353
607,0.0238
608,0.0265
609,0.0743
610,0.0402
611,0.0460
612,0.0296
613,0.0536
614,0.0278
615,0.0233
616,0.0534
617,0.0471
618,0.0237
619,0.0350
620,0.0324
621,0.0448
622,0.0199
623,0.0351
624,0.0510
625,0.0725
626,0.0235
627,0.0258
628,0.0366
629,0.0243
630,0.0299
631,0.0694
632,0.0621
633,0.0306
634,0.0707
635,0.0598
636,0.0294
637,0.0319
638,0.0422
639,0.0455
640,0.0506
641,0.0318
642,0.0610
643,0.0724
644,0.0711
645,0.0818
646,0.0604
647,0.0681
648,0.0621
649,0.0628
650,0.0564
651,0.0287
652,0.0338
653,0.0301
654,0.0729
655,0.0318
656,0.0761
657,0.0453
658,0.0709
659,0.0517
660,0.0283
661,0.0273
662,0.0241
663,0.0584
664,0.0374
665,0.0581
666,0.0697
667,0.0571
668,0.0496
669,0.0377
670,0.0363
671,0.0277
672,0.0412
673,0.0524
674,0.0663
675,0.0642
676,0.0681
677,0.0664
678,0.0618
679,0.0531
680,0.0432
681,0.0325
682,0.0363
683,0.0287
684,0.0313
685,0.0550
686,0.0539
687,0.0601
688,0.0472
689,0.0767
690,0.0687
691,0.0614
692,0.0577
693,0.0570
694,0.0465
695,0.0311
696,0.0314
697,0.0346
698,0.0291
699,0.0499
700,0.0647
701,0.0664
702,0.0752
703,0.0604
704,0.0294
705,0.0393
706,0.0620
707,0.0535
708,0.0394
709,0.0468
710,0.0601
711,0.0485
712,0.0606
713,0.0598
714,0.0249
715,0.0299
716,0.0358
717,0.0298
718,0.0326
719,0.0461
720,0.0284
721,0.1147
722,0.0601
723,0.1388
724,0.0711
725,0.0406
726,0.0494
727,0.0273
728,0.0348
729,0.0642
730,0.0708
731,0.0246
732,0.0758
733,0.0268
734,0.0756
735,0.0323
736,0.0284
737,0.0285
738,0.0291
739,0.0300
740,0.0311
741,0.0763
742,0.0912
743,0.0624
744,0.0476
745,0.0272
746,0.0319
747,0.0346
748,0.0342
749,0.0267
750,0.0487
751,0.0736
752,0.0563
753,0.0644
754,0.0723
755,0.0825
756,0.0595
757,0.0282
758,0.0858
759,0.0296
760,0.0721
761,0.0672
762,0.0307
763,0.0885
764,0.0586
765,0.0484
766,0.0503
767,0.0618
768,0.0627
769,0.0305
770,0.0479
771,0.0532
772,0.0802
773,0.0270
774,0.0367
775,0.0708
776,0.0624
777,0.0662
778,0.0657
779,0.0523
780,0.0738
781,0.0642
782,0.0552
783,0.0806
784,0.0603
785,0.0684
786,0.0757
787,0.0642
788,0.0489
789,0.0269
790,0.0285
791,0.0461
792,0.0339
793,0.0739
794,0.0515
795,0.0644
796,0.0296
797,0.0642
798,0.0599
799,0.0642
800,0.0664
801,0.0674
802,0.0707
803,0.0282
804,0.0291
805,0.0389
806,0.0773
807,0.0306
808,0.0254
809,0.0695
810,0.0379
811,0.0307
812,0.0268
813,0.0336
814,0.0267
815,0.0394
816,0.0628
817,0.0363
818,0.0513
819,0.0285
820,0.0715
821,0.0493
822,0.0308
823,0.0745
824,0.0668
825,0.0523
826,0.0679
827,0.0766
828,0.0284
829,0.0604
830,0.0895
831,0.0747
832,0.0360
833,0.0499
834,0.0445
835,0.0412
836,0.0830
837,0.0274
838,0.0280
839,0.0318
840,0.0762
841,0.0458
842,0.0771
843,0.0805
844,0.0293
845,0.0569
846,0.0560
847,0.0696
848,0.0664
849,0.0684
850,0.0463
851,0.0231
852,0.0270
853,0.0278
854,0.0347
855,0.0338
856,0.0516
857,0.0475
858,0.0259
859,0.0650
860,0.0636
861,0.0352
862,0.0244
863,0.0493
864,0.0246
865,0.0730
866,0.0640
867,0.0826
868,0.0689
869,0.0552
870,0.0878
871,0.0274
872,0.0338
873,0.0288
874,0.0538
875,0.0639
876,0.0551
877,0.0921
878,0.0623
879,0.0656
880,0.0827
881,0.0610
882,0.0617
883,0.0914
884,0.0815
885,0.0854
886,0.0850
887,0.0444
888,0.0259
889,0.0305
890,0.0366
891,0.0381
892,0.0728
893,0.0722
894,0.0664
895,0.0488
896,0.0512
897,0.0789
898,0.0507
899,0.0625
900,0.0682
901,0.0933
902,0.0687
903,0.0508
904,0.0387
905,0.0529
906,0.0903
907,0.0767
908,0.0931
909,0.1118
910,0.0605
911,0.0336
912,0.0396
913,0.0327
914,0.0613
915,0.0861
916,0.0614
917,0.0864
918,0.0573
919,0.0631
920,0.0272
921,0.0309
922,0.0834
923,0.0894
924,0.0492
925,0.1058
926,0.0307
927,0.0872
928,0.0593
929,0.0591
930,0.0569
931,0.0584
932,0.0724
933,0.0567
934,0.0803
935,0.0452
936,0.0871
937,0.0883
938,0.0670
939,0.0890
940,0.1431
941,0.0803
942,0.0882
943,0.0271
944,0.0285
945,0.0731
946,0.0804
947,0.0633
948,0.0675
949,0.0702
950,0.0424
951,0.0238
952,0.0489
953,0.0268
954,0.0781
955,0.0865
956,0.0639
957,0.0944
958,0.0883
959,0.0782
960,0.0562
961,0.0811
962,0.0863
963,0.0538
964,0.0572
965,0.0354
966,0.0919
967,0.0902
968,0.0717
969,0.0667
970,0.0793
971,0.0556
972,0.0337
973,0.0873
974,0.0863
975,0.0815
976,0.0537
977,0.0489
978,0.0280
979,0.0409
980,0.0661
981,0.0919
982,0.0682
983,0.0620
984,0.0555
985,0.0505
986,0.0452
987,0.0281
988,0.0311
989,0.0910
990,0.1232
991,0.0382
992,0.0575
993,0.0349
994,0.0414
995,0.0366
996,0.0312
997,0.0604
998,0.0312
999,0.0336
1000,0.0510